# Radius 	finiterdf__H_Water_H_Water	rdf__H_Water_H_Water	finiterdf__H_Water_O_Water	rdf__H_Water_O_Water	finiterdf__O_Water_O_Water	rdf__O_Water_O_Water	
0.0102382 0	0	0	0	0	0	
0.0307146 0	0	0	0	0	0	
0.051191 0	0	0	0	0	0	
0.0716674 0	0	0	0	0	0	
0.0921438 0	0	0	0	0	0	
0.11262 0	0	0	0	0	0	
0.133097 0	0	0	0	0	0	
0.153573 0	0	0	0	0	0	
0.174049 0	0	0	0	0	0	
0.194526 0	0	0	0	0	0	
0.215002 0	0	0	0	0	0	
0.235479 0	0	0	0	0	0	
0.255955 0	0	0	0	0	0	
0.276431 0	0	0	0	0	0	
0.296908 0	0	0	0	0	0	
0.317384 0	0	0	0	0	0	
0.337861 0	0	0	0	0	0	
0.358337 0	0	0	0	0	0	
0.378813 0	0	0	0	0	0	
0.39929 0	0	0	0	0	0	
0.419766 0	0	0	0	0	0	
0.440242 0	0	0	0	0	0	
0.460719 0	0	0	0	0	0	
0.481195 0	0	0	0	0	0	
0.501672 0	0	0	0	0	0	
0.522148 0	0	0	0	0	0	
0.542624 0	0	0	0	0	0	
0.563101 0	0	0	0	0	0	
0.583577 0	0	0	0	0	0	
0.604054 0	0	0	0	0	0	
0.62453 0	0	0	0	0	0	
0.645006 0	0	0	0	0	0	
0.665483 0	0	0	0	0	0	
0.685959 0	0	0	0	0	0	
0.706436 0	0	0	0	0	0	
0.726912 0	0	0	0	0	0	
0.747388 0	0	0	0	0	0	
0.767865 0	0	0	0	0	0	
0.788341 0	0	0	0	0	0	
0.808818 0	0	0	0	0	0	
0.829294 0	0	0	0	0	0	
0.84977 0	0	0	0	0	0	
0.870247 0	0	0	0	0	0	
0.890723 0	0	0	0	0	0	
0.9112 0	0	0	0	0	0	
0.931676 0	0	0	0	0	0	
0.952152 0	0	0	0	0	0	
0.972629 0	0	0	0	0	0	
0.993105 0	0	119.604	119.733	0	0	
1.01358 0	0	0	0	0	0	
1.03406 0	0	0	0	0	0	
1.05453 0	0	0	0	0	0	
1.07501 0	0	0	0	0	0	
1.09549 0	0	0	0	0	0	
1.11596 0	0	0	0	0	0	
1.13644 0	0	0	0	0	0	
1.15692 0	0	0	0	0	0	
1.17739 0	0	0	0	0	0	
1.19787 0	0	0	0	0	0	
1.21835 0	0	0	0	0	0	
1.23882 0	0	0	0	0	0	
1.2593 0	0	0	0	0	0	
1.27977 0	0	0	0	0	0	
1.30025 0	0	0	0	0	0	
1.32073 1.26787e-05	1.26815e-05	0	0	0	0	
1.3412 0	0	0	0	0	0	
1.36168 2.38551e-05	2.38594e-05	3.97585e-06	3.97906e-06	0	0	
1.38216 7.33196e-05	7.33312e-05	7.71785e-06	7.72391e-06	0	0	
1.40263 8.24357e-05	8.24472e-05	4.4965e-05	4.49993e-05	0	0	
1.42311 0.000196561	0.000196584	0.000400403	0.0004007	0	0	
1.44359 0.000350212	0.000350246	0.00150697	0.00150806	0	0	
1.46406 0.000570914	0.000570955	0.00531019	0.0053139	0	0	
1.48454 0.000906501	0.000906545	0.014504	0.0145138	0	0	
1.50501 0.00143529	0.00143532	0.0351629	0.0351858	0	0	
1.52549 0.00249309	0.00249309	0.0747229	0.0747699	0	0	
1.54597 0.00355332	0.00355323	0.142083	0.14217	0	0	
1.56644 0.00539584	0.00539557	0.242639	0.242781	0	0	
1.58692 0.00802382	0.0080232	0.38017	0.380387	0	0	
1.6074 0.0115641	0.0115629	0.54992	0.550227	0	0	
1.62787 22.2736	22.2846	0.738637	0.739044	0	0	
1.64835 0.0232713	0.0232821	0.934736	0.935249	0	0	
1.66883 0.0311901	0.0312037	1.12227	1.12289	0	0	
1.6893 0.0416551	0.0416721	1.28953	1.29026	0	0	
1.70978 0.0545608	0.0545814	1.42279	1.42361	0	0	
1.73026 0.0712257	0.0712505	1.52222	1.52312	0	0	
1.75073 0.0900325	0.0900612	1.57319	1.57415	0	0	
1.77121 0.112028	0.11206	1.58857	1.58957	0	0	
1.79168 0.137685	0.137721	1.57259	1.57361	0	0	
1.81216 0.16911	0.169149	1.52344	1.52446	0	0	
1.83264 0.202623	0.202664	1.45486	1.45585	0	0	
1.85311 0.240886	0.240928	1.37054	1.3715	0	0	
1.87359 0.282509	0.282551	1.27762	1.27852	0	0	
1.89407 0.32691	0.326951	1.1823	1.18314	0	0	
1.91454 0.372831	0.372868	1.08505	1.08583	0	0	
1.93502 0.426998	0.42703	0.988191	0.9889	0	0	
1.9555 0.478993	0.479019	0.89912	0.899761	0	0	
1.97597 0.538023	0.538042	0.814028	0.814603	0	0	
1.99645 0.594643	0.594654	0.73496	0.735471	0	0	
2.01692 0.654888	0.654891	0.666939	0.667393	0	0	
2.0374 0.71317	0.713164	0.600912	0.601311	0	0	
2.05788 0.771671	0.771656	0.543011	0.54336	0	0	
2.07835 0.831254	0.831232	0.493705	0.494011	0	0	
2.09883 0.890275	0.890247	0.447514	0.44778	0	0	
2.11931 0.948609	0.948576	0.406836	0.407066	0	0	
2.13978 1.00145	1.00141	0.370921	0.371119	0	0	
2.16026 1.05392	1.05388	0.340371	0.340542	0	0	
2.18074 1.10254	1.10251	0.313055	0.313202	0	0	
2.20121 1.14999	1.14996	0.289255	0.289379	0	0	
2.22169 1.1923	1.19229	0.269978	0.270084	0	0	
2.24217 1.22844	1.22844	0.252218	0.252307	0	0	
2.26264 1.26438	1.2644	0.237505	0.237579	0	0	
2.28312 1.28995	1.28999	0.224351	0.224411	0	0	
2.30359 1.31458	1.31465	0.214054	0.214102	0	0	
2.32407 1.33312	1.33321	0.205887	0.205924	0	0	
2.34455 1.34481	1.34493	0.197945	0.197971	0	0	
2.36502 1.35226	1.35241	0.194313	0.194329	5.272e-06	5.26639e-06	
2.3855 1.35654	1.35672	0.191119	0.191126	3.62731e-05	3.62324e-05	
2.40598 1.35086	1.35107	0.189818	0.189816	0.000331113	0.000330721	
2.42645 1.34207	1.34231	0.189707	0.189695	0.00170287	0.00170075	
2.44693 1.3286	1.32887	0.191648	0.191625	0.00641231	0.00640391	
2.46741 1.31034	1.31063	0.195966	0.195933	0.0195825	0.0195556	
2.48788 1.28947	1.28977	0.201255	0.20121	0.0514482	0.0513743	
2.50836 1.26104	1.26136	0.208401	0.208344	0.11751	0.117334	
2.52883 1.23181	1.23214	0.217881	0.217809	0.235771	0.235406	
2.54931 1.19944	1.19978	0.230206	0.230118	0.418868	0.418204	
2.56979 1.16132	1.16167	0.243085	0.242979	0.683782	0.682682	
2.59026 1.12719	1.12754	0.260074	0.259947	1.01442	1.01279	
2.61074 1.089	1.08934	0.277918	0.277768	1.38574	1.38355	
2.63122 1.04884	1.04917	0.297731	0.297555	1.78403	1.78131	
2.65169 1.01071	1.01102	0.321658	0.321451	2.15543	2.15234	
2.67217 0.970997	0.9713	0.347896	0.347656	2.50107	2.49776	
2.69265 0.935857	0.936145	0.374954	0.374677	2.76751	2.76422	
2.71312 0.903213	0.903485	0.404781	0.404463	2.94911	2.94605	
2.7336 0.869516	0.869768	0.437129	0.436766	3.04579	3.04313	
2.75408 0.840969	0.841202	0.472243	0.471831	3.06239	3.06022	
2.77455 0.813471	0.813684	0.510688	0.510222	3.00857	3.00693	
2.79503 0.789523	0.789715	0.54994	0.549417	2.9102	2.90908	
2.8155 0.76954	0.769713	0.591778	0.591195	2.75636	2.75571	
2.83598 0.751603	0.751756	0.636609	0.635962	2.5885	2.58824	
2.85646 0.736779	0.736912	0.684631	0.683916	2.41043	2.41049	
2.87693 0.723766	0.723879	0.737796	0.737009	2.22961	2.2299	
2.89741 0.716399	0.716493	0.789488	0.788631	2.05002	2.05048	
2.91789 0.707749	0.707823	0.844217	0.843288	1.87778	1.87835	
2.93836 0.705207	0.705262	0.903491	0.902489	1.72144	1.72208	
2.95884 0.701971	0.702006	0.963602	0.962531	1.58495	1.58562	
2.97932 0.70233	0.702345	1.02597	1.02483	1.45775	1.45843	
2.99979 0.704339	0.704335	1.08782	1.08663	1.34813	1.3488	
3.02027 0.705547	0.705522	1.15469	1.15344	1.25133	1.25199	
3.04074 0.709709	0.709663	1.21821	1.21691	1.16777	1.16841	
3.06122 0.716124	0.716058	1.27591	1.27458	1.09364	1.09424	
3.0817 0.723631	0.723544	1.33294	1.3316	1.03912	1.0397	
3.10217 0.730325	0.730217	1.38425	1.38291	0.991987	0.992537	
3.12265 0.739323	0.739193	1.43028	1.42896	0.950402	0.950925	
3.14313 0.748585	0.748434	1.47011	1.46883	0.913927	0.914421	
3.1636 0.760335	0.760163	1.50392	1.50269	0.884448	0.884915	
3.18408 0.770556	0.770362	1.52977	1.5286	0.861161	0.861603	
3.20456 0.783481	0.783265	1.54557	1.54448	0.846199	0.846619	
3.22503 0.793926	0.79369	1.55742	1.55642	0.82992	0.830316	
3.24551 0.807196	0.806938	1.55962	1.55872	0.818979	0.819354	
3.26598 0.819867	0.819588	1.55918	1.55838	0.813069	0.813424	
3.28646 0.834349	0.834049	1.553	1.55231	0.806545	0.806879	
3.30694 0.848255	0.847935	1.54011	1.53951	0.806597	0.806913	
3.32741 0.862537	0.862197	1.52731	1.52681	0.799313	0.799607	
3.34789 0.877365	0.877007	1.50787	1.50747	0.800607	0.800883	
3.36837 0.891684	0.891308	1.487	1.4867	0.799257	0.799512	
3.38884 0.907795	0.907402	1.46741	1.46719	0.801521	0.801758	
3.40932 0.922108	0.9217	1.44321	1.44307	0.804081	0.8043	
3.4298 0.936633	0.936211	1.41665	1.41659	0.806291	0.80649	
3.45027 0.953629	0.953194	1.39109	1.39111	0.811369	0.81155	
3.47075 0.968106	0.967661	1.36671	1.36679	0.814212	0.814375	
3.49123 0.982586	0.982131	1.34239	1.34253	0.820698	0.820842	
3.5117 0.997936	0.997474	1.31646	1.31665	0.825902	0.826028	
3.53218 1.0133	1.01283	1.29028	1.29052	0.831563	0.831672	
3.55265 1.02812	1.02765	1.26522	1.2655	0.837282	0.837374	
3.57313 1.0427	1.04223	1.24232	1.24263	0.84181	0.841883	
3.59361 1.05597	1.0555	1.21663	1.21697	0.847474	0.84753	
3.61408 1.06851	1.06804	1.19467	1.19504	0.853083	0.853122	
3.63456 1.08283	1.08237	1.17086	1.17124	0.859222	0.859244	
3.65504 1.09323	1.09278	1.15146	1.15186	0.865236	0.865242	
3.67551 1.10414	1.1037	1.13101	1.13143	0.872079	0.872068	
3.69599 1.11654	1.11612	1.11058	1.11101	0.882078	0.882052	
3.71647 1.12379	1.12338	1.09174	1.09218	0.884432	0.884391	
3.73694 1.13398	1.13359	1.07524	1.07569	0.895004	0.894949	
3.75742 1.14231	1.14195	1.06025	1.0607	0.900849	0.90078	
3.77789 1.14953	1.14919	1.04739	1.04784	0.907974	0.907891	
3.79837 1.15562	1.15531	1.03584	1.03629	0.917942	0.917847	
3.81885 1.15985	1.15957	1.02471	1.02516	0.923288	0.923181	
3.83932 1.16348	1.16322	1.01641	1.01686	0.929099	0.928982	
3.8598 1.16679	1.16656	1.00896	1.00941	0.937747	0.937618	
3.88028 1.16625	1.16605	1.00087	1.00131	0.947637	0.947499	
3.90075 1.1674	1.16724	0.995896	0.996337	0.954662	0.954516	
3.92123 1.16618	1.16604	0.99021	0.990647	0.962544	0.962391	
3.94171 1.16377	1.16367	0.986834	0.987267	0.966166	0.966007	
3.96218 1.1599	1.15983	0.982842	0.983271	0.9754	0.975236	
3.98266 1.15546	1.15543	0.980093	0.980518	0.983264	0.983096	
4.00314 1.14865	1.14864	0.976341	0.97676	0.993447	0.993275	
4.02361 1.143	1.14302	0.975593	0.976007	0.997419	0.997246	
4.04409 1.13539	1.13543	0.974362	0.974772	1.00802	1.00785	
4.06456 1.12789	1.12796	0.973874	0.974279	1.01441	1.01423	
4.08504 1.11913	1.11923	0.972965	0.973365	1.02251	1.02234	
4.10552 1.11208	1.1122	0.971583	0.971978	1.02963	1.02946	
4.12599 1.10265	1.10278	0.97156	0.97195	1.03923	1.03908	
4.14647 1.09539	1.09555	0.970594	0.970977	1.04576	1.04561	
4.16695 1.08705	1.08722	0.970351	0.97073	1.05124	1.05109	
4.18742 1.07966	1.07984	0.969702	0.970075	1.05862	1.05849	
4.2079 1.07141	1.07161	0.969069	0.969436	1.06425	1.06413	
4.22838 1.06654	1.06675	0.967902	0.968263	1.06925	1.06915	
4.24885 1.05958	1.05981	0.966133	0.966487	1.0759	1.07581	
4.26933 1.05512	1.05535	0.966388	0.966736	1.08071	1.08063	
4.2898 1.04958	1.04982	0.965482	0.965823	1.08596	1.08591	
4.31028 1.04508	1.04533	0.96592	0.966254	1.08944	1.08941	
4.33076 1.04246	1.04272	0.963941	0.964268	1.09488	1.09486	
4.35123 1.03974	1.04	0.964636	0.964956	1.0983	1.09831	
4.37171 1.03639	1.03667	0.963533	0.963846	1.10075	1.10078	
4.39219 1.03501	1.03529	0.961985	0.962289	1.10315	1.1032	
4.41266 1.03198	1.03227	0.960098	0.960394	1.10682	1.1069	
4.43314 1.03021	1.03051	0.960147	0.960435	1.10814	1.10825	
4.45362 1.02937	1.02967	0.959345	0.959625	1.10959	1.10972	
4.47409 1.02901	1.02932	0.959608	0.959879	1.11121	1.11137	
4.49457 1.02832	1.02863	0.958361	0.958623	1.10807	1.10825	
4.51504 1.02681	1.02713	0.95868	0.958934	1.11028	1.11049	
4.53552 1.02613	1.02645	0.957463	0.957707	1.11331	1.11355	
4.556 1.02474	1.02507	0.957673	0.957908	1.11243	1.1127	
4.57647 1.02485	1.02519	0.956266	0.956492	1.11003	1.11033	
4.59695 1.02347	1.02381	0.957738	0.957955	1.10896	1.10928	
4.61743 1.02288	1.02323	0.958412	0.95862	1.10716	1.10751	
4.6379 1.02223	1.02258	0.956521	0.956718	1.10367	1.10405	
4.65838 1.01908	1.01943	0.9585	0.958689	1.09902	1.09942	
4.67886 1.0198	1.02016	0.959065	0.959245	1.10172	1.10214	
4.69933 1.01858	1.01895	0.960218	0.960389	1.09596	1.09641	
4.71981 1.01665	1.01702	0.96214	0.962303	1.09349	1.09396	
4.74029 1.01572	1.01609	0.963378	0.963533	1.08962	1.09011	
4.76076 1.01366	1.01403	0.965074	0.96522	1.08822	1.08874	
4.78124 1.01115	1.01153	0.966087	0.966226	1.08107	1.0816	
4.80171 1.0085	1.00887	0.968033	0.968164	1.07964	1.0802	
4.82219 1.00733	1.00771	0.96858	0.968704	1.07342	1.07399	
4.84267 1.00631	1.00669	0.97199	0.972107	1.06856	1.06915	
4.86314 1.00273	1.00311	0.974321	0.974432	1.06594	1.06655	
4.88362 1.00114	1.00152	0.976907	0.977013	1.05981	1.06043	
4.9041 0.998881	0.999259	0.978314	0.978414	1.05394	1.05457	
4.92457 0.996401	0.996778	0.980973	0.981069	1.04944	1.05009	
4.94505 0.995136	0.995511	0.983757	0.983849	1.04427	1.04492	
4.96553 0.992172	0.992544	0.985853	0.985941	1.04112	1.04178	
4.986 0.989177	0.989544	0.988667	0.988752	1.03584	1.03651	
5.00648 0.986543	0.986906	0.990097	0.99018	1.03061	1.03128	
5.02695 0.984442	0.984801	0.991735	0.991816	1.02454	1.02522	
5.04743 0.981959	0.982312	0.995593	0.995673	1.02004	1.02071	
5.06791 0.979592	0.979938	0.997308	0.997387	1.01509	1.01577	
5.08838 0.977795	0.978134	0.999689	0.999769	1.00895	1.00962	
5.10886 0.97547	0.975802	1.00286	1.00294	1.004	1.00467	
5.12934 0.974102	0.974427	1.00521	1.00529	0.998898	0.99957	
5.14981 0.972664	0.972981	1.00642	1.0065	0.993054	0.993721	
5.17029 0.969645	0.969952	1.00946	1.00955	0.989269	0.98993	
5.19077 0.968506	0.968804	1.01021	1.0103	0.984701	0.985354	
5.21124 0.965728	0.966015	1.01156	1.01166	0.979642	0.980287	
5.23172 0.965463	0.96574	1.01365	1.01375	0.973841	0.974474	
5.2522 0.963955	0.964222	1.0154	1.0155	0.971077	0.9717	
5.27267 0.96305	0.963306	1.01594	1.01605	0.967015	0.967627	
5.29315 0.962526	0.962771	1.01789	1.018	0.961374	0.961971	
5.31362 0.961619	0.961852	1.01866	1.01878	0.955557	0.956137	
5.3341 0.961374	0.961596	1.01997	1.02009	0.951713	0.952277	
5.35458 0.960371	0.960581	1.02034	1.02048	0.947385	0.94793	
5.37505 0.961616	0.961815	1.01989	1.02003	0.939666	0.940189	
5.39553 0.960629	0.960815	1.02118	1.02133	0.936521	0.937024	
5.41601 0.960481	0.960655	1.02096	1.02111	0.934527	0.93501	
5.43648 0.962832	0.962995	1.02124	1.0214	0.928953	0.929411	
5.45696 0.961395	0.961546	1.02076	1.02093	0.923655	0.924088	
5.47744 0.962833	0.962973	1.02037	1.02054	0.922838	0.923248	
5.49791 0.962666	0.962794	1.02117	1.02135	0.917364	0.917746	
5.51839 0.964888	0.965005	1.01929	1.01948	0.9153	0.915656	
5.53886 0.966228	0.966335	1.01908	1.01927	0.911397	0.911724	
5.55934 0.966364	0.966459	1.01767	1.01787	0.911416	0.911716	
5.57982 0.968553	0.968638	1.017	1.01721	0.909483	0.909754	
5.60029 0.970174	0.970249	1.01608	1.01629	0.905052	0.905292	
5.62077 0.971337	0.971403	1.01561	1.01583	0.907388	0.9076	
5.64125 0.973076	0.973133	1.01341	1.01363	0.905391	0.905573	
5.66172 0.974043	0.974092	1.01274	1.01296	0.904798	0.90495	
5.6822 0.97612	0.97616	1.01056	1.01079	0.903929	0.90405	
5.70268 0.977305	0.977337	1.00861	1.00884	0.905244	0.905335	
5.72315 0.979692	0.979717	1.00724	1.00748	0.907596	0.907657	
5.74363 0.981663	0.981682	1.00512	1.00535	0.907876	0.907907	
5.76411 0.983288	0.983301	1.00297	1.0032	0.909442	0.909443	
5.78458 0.984009	0.984016	1.00152	1.00176	0.910993	0.910964	
5.80506 0.986089	0.986091	0.998892	0.999127	0.913096	0.913038	
5.82553 0.988235	0.988233	0.996037	0.996271	0.91466	0.914573	
5.84601 0.989547	0.989541	0.994539	0.99477	0.918912	0.918796	
5.86649 0.991069	0.991059	0.992367	0.992595	0.920675	0.920531	
5.88696 0.992586	0.992573	0.990494	0.990718	0.92391	0.923739	
5.90744 0.99407	0.994055	0.98806	0.988279	0.92717	0.926972	
5.92792 0.995625	0.995608	0.986119	0.986332	0.931497	0.931274	
5.94839 0.997673	0.997656	0.984186	0.984393	0.936404	0.936156	
5.96887 0.998342	0.998323	0.981871	0.98207	0.940735	0.940464	
5.98935 0.998876	0.998857	0.979744	0.979935	0.941932	0.941639	
6.00982 1.00086	1.00084	0.977584	0.977767	0.945547	0.945233	
6.0303 1.00095	1.00093	0.976856	0.97703	0.949957	0.949622	
6.05077 1.00244	1.00242	0.97516	0.975323	0.954281	0.953926	
6.07125 1.00247	1.00246	0.973806	0.973958	0.958129	0.957757	
6.09173 1.0038	1.00378	0.972344	0.972485	0.960657	0.960269	
6.1122 1.00386	1.00384	0.97194	0.97207	0.964674	0.96427	
6.13268 1.00427	1.00426	0.969912	0.97003	0.969015	0.968596	
6.15316 1.00456	1.00455	0.970363	0.970469	0.971368	0.970937	
6.17363 1.00512	1.00511	0.968798	0.968892	0.976488	0.976044	
6.19411 1.006	1.00599	0.968481	0.968561	0.980321	0.979867	
6.21459 1.00621	1.0062	0.968634	0.968701	0.983097	0.982635	
6.23506 1.00505	1.00505	0.968074	0.968128	0.988002	0.987532	
6.25554 1.00555	1.00555	0.967535	0.967576	0.990247	0.989771	
6.27601 1.00554	1.00554	0.967358	0.967384	0.993565	0.993084	
6.29649 1.00379	1.0038	0.968281	0.968294	0.997612	0.997129	
6.31697 1.00484	1.00485	0.969161	0.969161	0.999655	0.99917	
6.33744 1.00467	1.00468	0.968026	0.968012	1.00375	1.00326	
6.35792 1.00389	1.00391	0.969739	0.969712	1.00726	1.00677	
6.3784 1.00424	1.00426	0.970115	0.970075	1.01069	1.01021	
6.39887 1.0037	1.00371	0.971491	0.971438	1.01289	1.01242	
6.41935 1.00333	1.00335	0.972054	0.971989	1.01594	1.01547	
6.43983 1.00274	1.00276	0.972516	0.972439	1.01767	1.0172	
6.4603 1.00278	1.0028	0.974186	0.974096	1.02095	1.0205	
6.48078 1.00182	1.00185	0.974388	0.974287	1.02305	1.0226	
6.50126 1.00187	1.00189	0.975999	0.975887	1.02534	1.02491	
6.52173 1.00121	1.00124	0.977144	0.977021	1.02655	1.02613	
6.54221 0.999593	0.999615	0.977834	0.9777	1.02816	1.02775	
6.56268 1.00045	1.00047	0.979205	0.979061	1.03174	1.03134	
6.58316 0.999243	0.999265	0.981755	0.981602	1.03364	1.03326	
6.60364 0.999611	0.999633	0.98319	0.983029	1.03473	1.03437	
6.62411 0.998762	0.998784	0.98354	0.983371	1.03575	1.03541	
6.64459 0.998413	0.998434	0.985382	0.985205	1.03768	1.03735	
6.66507 0.997599	0.997619	0.987391	0.987207	1.03864	1.03834	
6.68554 0.998034	0.998053	0.988525	0.988336	1.04017	1.03988	
6.70602 0.997596	0.997614	0.990241	0.990046	1.04179	1.04153	
6.7265 0.997432	0.997448	0.990972	0.990773	1.04048	1.04024	
6.74697 0.997549	0.997565	0.99298	0.992777	1.04136	1.04114	
6.76745 0.997736	0.99775	0.993878	0.993671	1.04138	1.04118	
6.78792 0.997732	0.997744	0.996234	0.996025	1.04178	1.0416	
6.8084 0.996994	0.997005	0.9974	0.997189	1.04291	1.04276	
6.82888 0.997155	0.997165	0.999352	0.99914	1.04434	1.04421	
6.84935 0.996759	0.996767	0.999544	0.999332	1.04353	1.04342	
6.86983 0.996941	0.996947	1.00168	1.00147	1.04349	1.04341	
6.89031 0.997111	0.997116	1.00312	1.00291	1.04257	1.04252	
6.91078 0.996869	0.996872	1.00428	1.00408	1.04218	1.04215	
6.93126 0.997394	0.997396	1.0055	1.00529	1.04238	1.04236	
6.95174 0.998072	0.998073	1.00602	1.00582	1.04161	1.04162	
6.97221 0.997398	0.997397	1.00703	1.00683	1.04038	1.04042	
6.99269 0.997836	0.997835	1.00944	1.00925	1.04124	1.0413	
7.01317 0.997851	0.997848	1.01041	1.01022	1.03975	1.03983	
7.03364 0.998961	0.998957	1.01052	1.01033	1.03762	1.03772	
7.05412 0.998827	0.998823	1.0124	1.01223	1.03581	1.03594	
7.07459 0.998593	0.998588	1.01387	1.01371	1.03486	1.03501	
7.09507 0.998696	0.99869	1.0145	1.01434	1.0341	1.03427	
7.11555 0.99922	0.999214	1.01471	1.01455	1.03342	1.0336	
7.13602 0.999934	0.999927	1.01611	1.01597	1.03087	1.03107	
7.1565 0.999783	0.999776	1.01693	1.0168	1.03092	1.03114	
7.17698 0.999624	0.999617	1.01749	1.01737	1.02954	1.02977	
7.19745 0.999553	0.999546	1.01808	1.01797	1.02747	1.02772	
7.21793 1.00067	1.00066	1.01881	1.01871	1.02526	1.02553	
7.23841 1.00103	1.00102	1.01943	1.01934	1.02454	1.02482	
7.25888 1.00088	1.00088	1.0194	1.01932	1.02147	1.02177	
7.27936 1.00177	1.00176	1.02044	1.02037	1.02106	1.02137	
7.29983 1.00145	1.00145	1.02053	1.02048	1.01806	1.01838	
7.32031 1.00204	1.00204	1.0209	1.02086	1.01691	1.01724	
7.34079 1.00218	1.00218	1.02099	1.02097	1.01535	1.01569	
7.36126 1.00271	1.00271	1.02152	1.02151	1.01369	1.01403	
7.38174 1.00225	1.00226	1.02211	1.02211	1.01197	1.01233	
7.40222 1.00299	1.00299	1.02177	1.02178	1.01049	1.01085	
7.42269 1.00347	1.00348	1.02126	1.02129	1.00884	1.00921	
7.44317 1.00341	1.00341	1.0217	1.02174	1.00779	1.00816	
7.46365 1.00344	1.00345	1.02163	1.02168	1.0057	1.00607	
7.48412 1.00363	1.00364	1.02101	1.02107	1.00494	1.00532	
7.5046 1.00513	1.00515	1.0214	1.02148	1.00203	1.00241	
7.52507 1.00485	1.00487	1.0203	1.0204	1.0014	1.00178	
7.54555 1.00396	1.00399	1.02035	1.02046	1.0003	1.00068	
7.56603 1.00467	1.0047	1.02037	1.02049	0.999223	0.999601	
7.5865 1.0052	1.00523	1.01999	1.02013	0.998169	0.998545	
7.60698 1.00487	1.0049	1.01974	1.01989	0.996165	0.996539	
7.62746 1.00479	1.00483	1.01912	1.01928	0.996598	0.99697	
7.64793 1.00532	1.00536	1.01796	1.01814	0.99459	0.994957	
7.66841 1.00518	1.00522	1.01791	1.01809	0.994087	0.994451	
7.68889 1.00554	1.00559	1.01722	1.01742	0.992989	0.993348	
7.70936 1.00571	1.00576	1.01658	1.0168	0.992328	0.992682	
7.72984 1.00589	1.00594	1.01578	1.01601	0.991052	0.991399	
7.75032 1.00638	1.00644	1.01479	1.01502	0.990053	0.990393	
7.77079 1.00668	1.00674	1.0142	1.01444	0.990238	0.990572	
7.79127 1.00615	1.00622	1.01319	1.01345	0.989398	0.989724	
7.81174 1.00683	1.0069	1.01247	1.01274	0.988108	0.988426	
7.83222 1.00664	1.00671	1.01192	1.01219	0.986881	0.987189	
7.8527 1.00605	1.00613	1.01094	1.01122	0.987602	0.987902	
7.87317 1.00651	1.00659	1.00934	1.00963	0.987969	0.988261	
7.89365 1.00713	1.00722	1.00894	1.00924	0.986711	0.986993	
7.91413 1.00749	1.00759	1.00829	1.00859	0.987438	0.987712	
7.9346 1.00743	1.00754	1.00716	1.00746	0.98579	0.986053	
7.95508 1.00625	1.00636	1.00643	1.00674	0.986616	0.98687	
7.97556 1.00664	1.00675	1.00568	1.00599	0.986849	0.987094	
7.99603 1.00655	1.00667	1.00446	1.00478	0.987272	0.987508	
8.01651 1.0079	1.00802	1.00342	1.00374	0.985377	0.985602	
8.03698 1.0066	1.00673	1.00338	1.0037	0.987114	0.98733	
8.05746 1.00599	1.00613	1.0025	1.00282	0.98713	0.987337	
8.07794 1.00644	1.00658	1.00147	1.00179	0.987849	0.988046	
8.09841 1.00661	1.00676	1.00001	1.00033	0.987311	0.987499	
8.11889 1.00619	1.00634	0.999563	0.999886	0.987516	0.987695	
8.13937 1.00645	1.0066	0.998954	0.999276	0.986269	0.986437	
8.15984 1.00572	1.00588	0.997377	0.997696	0.987018	0.987177	
8.18032 1.0056	1.00577	0.997386	0.997704	0.987755	0.987904	
8.2008 1.0052	1.00536	0.995548	0.995862	0.988903	0.989043	
8.22127 1.00565	1.00583	0.995854	0.996166	0.989232	0.989364	
8.24175 1.00585	1.00603	0.994917	0.995224	0.990505	0.99063	
8.26223 1.00419	1.00437	0.994356	0.994659	0.989995	0.990112	
8.2827 1.00472	1.0049	0.994019	0.994317	0.989429	0.989538	
8.30318 1.00428	1.00447	0.992896	0.993188	0.990911	0.991013	
8.32365 1.00354	1.00373	0.992725	0.993012	0.990569	0.990663	
8.34413 1.00394	1.00413	0.992075	0.992355	0.991713	0.991801	
8.36461 1.00359	1.00379	0.992073	0.992347	0.992242	0.992324	
8.38508 1.00281	1.00301	0.991388	0.991654	0.99097	0.991044	
8.40556 1.0028	1.003	0.991183	0.991442	0.993475	0.993544	
8.42604 1.00271	1.00291	0.99031	0.990561	0.994371	0.994435	
8.44651 1.00179	1.002	0.990125	0.990369	0.994081	0.99414	
8.46699 1.0016	1.0018	0.990449	0.990685	0.995215	0.995271	
8.48747 1.00125	1.00146	0.990188	0.990416	0.995856	0.995908	
8.50794 1.00136	1.00157	0.989869	0.990089	0.995945	0.995994	
8.52842 1.0007	1.00091	0.989453	0.989663	0.995865	0.99591	
8.54889 1.00028	1.00049	0.989348	0.989549	0.996373	0.996415	
8.56937 1.00017	1.00038	0.989212	0.989404	0.997206	0.997246	
8.58985 0.999809	1.00002	0.989035	0.989218	0.998696	0.998735	
8.61032 0.998795	0.999005	0.989532	0.989706	0.997301	0.997337	
8.6308 0.998926	0.999135	0.988861	0.989025	0.998753	0.998789	
8.65128 0.998398	0.998605	0.989598	0.989753	0.99854	0.998574	
8.67175 0.998706	0.998913	0.989536	0.989682	0.998286	0.998318	
8.69223 0.997511	0.997715	0.989595	0.989732	0.999729	0.999761	
8.71271 0.99814	0.998343	0.99013	0.990258	1.00002	1.00005	
8.73318 0.997172	0.997373	0.989955	0.990074	1.00023	1.00026	
8.75366 0.99671	0.996907	0.990107	0.990217	0.999857	0.99989	
8.77414 0.996759	0.996954	0.989696	0.989797	1.00049	1.00052	
8.79461 0.996732	0.996924	0.990486	0.990578	1.00068	1.00071	
8.81509 0.996074	0.996263	0.990871	0.990955	1.00096	1.00099	
8.83556 0.996567	0.996752	0.991457	0.991533	1.0017	1.00174	
8.85604 0.996339	0.996521	0.991688	0.991757	1.00119	1.00122	
8.87652 0.995549	0.995727	0.990934	0.990994	1.00206	1.0021	
8.89699 0.995168	0.995342	0.991832	0.991884	1.0009	1.00094	
8.91747 0.995353	0.995522	0.992698	0.992744	1.00196	1.002	
8.93795 0.995141	0.995306	0.993038	0.993077	1.00227	1.00231	
8.95842 0.994769	0.994929	0.993375	0.993407	1.00178	1.00182	
8.9789 0.994755	0.99491	0.993135	0.99316	1.00201	1.00205	
8.99938 0.995166	0.995316	0.994049	0.994069	1.00225	1.0023	
9.01985 0.99409	0.994235	0.994817	0.994833	1.00133	1.00138	
9.04033 0.994787	0.994926	0.995353	0.995364	1.00229	1.00235	
9.0608 0.994871	0.995006	0.994775	0.994781	1.00144	1.00149	
9.08128 0.994546	0.994675	0.995782	0.995783	1.00222	1.00228	
9.10176 0.993921	0.994044	0.996262	0.996259	1.00139	1.00145	
9.12223 0.994038	0.994155	0.995561	0.995554	1.0011	1.00116	
9.14271 0.994444	0.994556	0.996579	0.996568	1.0016	1.00166	
9.16319 0.994499	0.994605	0.997097	0.997083	1.00075	1.00082	
9.18366 0.994801	0.994902	0.997323	0.997306	1.00073	1.0008	
9.20414 0.994823	0.994919	0.99774	0.997721	1.00154	1.0016	
9.22462 0.994264	0.994354	0.998436	0.998416	1.00067	1.00074	
9.24509 0.994572	0.994657	0.998336	0.998314	1.00112	1.00118	
9.26557 0.99458	0.994659	0.998557	0.998534	1.00003	1.0001	
9.28604 0.994816	0.99489	0.999229	0.999204	1.00161	1.00168	
9.30652 0.995337	0.995405	0.999177	0.999151	1.0001	1.00017	
9.327 0.99453	0.994593	0.999822	0.999796	1.00115	1.00122	
9.34747 0.994986	0.995044	0.99999	0.999964	1.00103	1.00111	
9.36795 0.99548	0.995533	1.00044	1.00041	1.001	1.00107	
9.38843 0.995317	0.995364	1.00043	1.00041	1.00088	1.00095	
9.4089 0.995661	0.995704	1.00077	1.00074	0.998923	0.998996	
9.42938 0.995666	0.995704	1.00104	1.00102	0.999044	0.999116	
9.44986 0.99612	0.996154	1.00096	1.00094	0.999404	0.999475	
9.47033 0.99686	0.99689	1.00116	1.00114	1.00046	1.00053	
9.49081 0.996715	0.996742	1.00118	1.00116	0.997499	0.997568	
9.51129 0.996685	0.996708	1.0013	1.00128	0.999445	0.999513	
9.53176 0.996616	0.996635	1.00229	1.00228	0.998634	0.998701	
9.55224 0.996888	0.996904	1.00209	1.00208	0.998704	0.99877	
9.57271 0.996978	0.99699	1.00242	1.00241	0.998196	0.998259	
9.59319 0.997517	0.997527	1.00233	1.00233	0.998324	0.998386	
9.61367 0.997521	0.997528	1.00196	1.00196	0.998042	0.998101	
9.63414 0.99772	0.997724	1.00267	1.00267	0.99827	0.998328	
9.65462 0.998535	0.998537	1.0022	1.00221	0.999147	0.999204	
9.6751 0.998323	0.998324	1.00254	1.00254	0.998345	0.9984	
9.69557 0.998382	0.998381	1.00248	1.00249	0.997648	0.9977	
9.71605 0.999269	0.999267	1.0027	1.00271	0.998959	0.99901	
9.73653 0.99907	0.999067	1.00299	1.00301	0.998029	0.998078	
9.757 0.998716	0.998711	1.00279	1.00281	0.997526	0.997572	
9.77748 0.999397	0.999391	1.00285	1.00287	0.998879	0.998923	
9.79795 0.999391	0.999385	1.00321	1.00323	0.997156	0.997198	
9.81843 0.9995	0.999493	1.00328	1.00331	0.997101	0.997139	
9.83891 0.999997	0.99999	1.00269	1.00272	0.99755	0.997585	
9.85938 0.999998	0.999991	1.00301	1.00304	0.998815	0.998848	
9.87986 1.00006	1.00005	1.00296	1.003	0.998345	0.998377	
9.90034 1.00081	1.0008	1.00276	1.0028	0.997622	0.997651	
9.92081 1.0005	1.0005	1.00271	1.00276	0.997633	0.997658	
9.94129 1.0008	1.0008	1.00233	1.00238	0.998732	0.998756	
9.96177 1.0009	1.0009	1.00266	1.00271	0.998374	0.998396	
9.98224 1.00105	1.00105	1.00267	1.00272	0.998697	0.998718	
10.0027 1.00117	1.00117	1.00191	1.00197	0.998343	0.998362	
10.0232 1.00149	1.00149	1.00205	1.00211	0.999153	0.99917	
10.0437 1.00127	1.00128	1.00216	1.00222	0.998486	0.998502	
10.0641 1.00135	1.00136	1.00214	1.0022	0.999222	0.999236	
10.0846 1.00136	1.00137	1.00239	1.00246	0.998255	0.998267	
10.1051 1.00153	1.00154	1.00172	1.0018	0.999254	0.999265	
10.1256 1.00173	1.00174	1.00174	1.00181	0.999243	0.999254	
10.1461 1.00167	1.00169	1.00148	1.00155	0.999097	0.999106	
10.1665 1.00212	1.00213	1.00132	1.0014	0.998858	0.998866	
10.187 1.00154	1.00155	1.00104	1.00112	0.999632	0.999639	
10.2075 1.00217	1.00219	1.00139	1.00147	0.999463	0.999469	
10.228 1.00225	1.00228	1.00124	1.00132	0.999677	0.999683	
10.2484 1.00195	1.00197	1.00086	1.00095	1.00039	1.00039	
10.2689 1.0025	1.00253	1.00143	1.00151	1.00009	1.0001	
10.2894 1.00208	1.00212	1.00097	1.00106	1.00124	1.00125	
10.3099 1.0024	1.00243	1.00069	1.00078	1.00071	1.00072	
10.3303 1.00265	1.00269	1.00073	1.00082	1.00036	1.00037	
10.3508 1.00215	1.0022	1.00047	1.00056	1.00007	1.00008	
10.3713 1.00199	1.00203	1.00076	1.00086	1.00021	1.00022	
10.3918 1.00227	1.00232	1.00049	1.00058	1.00101	1.00102	
10.4122 1.00274	1.0028	1.00029	1.00039	1.00147	1.00149	
10.4327 1.00223	1.00229	1.00023	1.00033	1.0012	1.00122	
10.4532 1.0024	1.00246	1.0002	1.00029	1.00132	1.00133	
10.4737 1.00179	1.00185	1.00002	1.00011	1.00231	1.00234	
10.4942 1.00197	1.00204	1.00045	1.00054	1.00121	1.00123	
10.5146 1.00192	1.00199	0.999755	0.999851	1.00224	1.00226	
10.5351 1.0021	1.00217	0.999649	0.999744	1.00133	1.00136	
10.5556 1.00192	1.002	0.999423	0.999518	1.00115	1.00118	
10.5761 1.00183	1.00191	0.999812	0.999907	1.00208	1.00212	
10.5965 1.00184	1.00192	0.999529	0.999623	1.00147	1.00151	
10.617 1.00193	1.00201	0.999919	1.00001	1.0021	1.00214	
10.6375 1.00206	1.00214	0.999784	0.999878	1.00244	1.00248	
10.658 1.0017	1.00179	0.999244	0.999337	1.00227	1.00231	
10.6784 1.00164	1.00174	0.999399	0.999491	1.00322	1.00327	
10.6989 1.00115	1.00124	0.999394	0.999485	1.00183	1.00188	
10.7194 1.00132	1.00142	0.99978	0.999871	1.00342	1.00348	
10.7399 1.00113	1.00123	0.999337	0.999427	1.00244	1.0025	
10.7603 1.00133	1.00144	0.99962	0.99971	1.00302	1.00309	
10.7808 1.00146	1.00156	0.999326	0.999415	1.00151	1.00158	
10.8013 1.00113	1.00123	0.99975	0.999839	1.00222	1.0023	
10.8218 1.00111	1.00122	0.999348	0.999435	1.00218	1.00225	
10.8423 1.00119	1.0013	0.999634	0.999721	1.0028	1.00289	
10.8627 1.00092	1.00103	1.00014	1.00023	1.00226	1.00235	
10.8832 1.00055	1.00066	0.999081	0.999167	1.00298	1.00307	
10.9037 1.0004	1.00051	0.999223	0.999308	1.00252	1.00262	
10.9242 1.00088	1.00099	0.999426	0.99951	1.00338	1.00348	
10.9446 1.00037	1.00048	0.999546	0.99963	1.00339	1.00349	
10.9651 1.00005	1.00017	0.999782	0.999866	1.00225	1.00236	
10.9856 1.00039	1.00051	0.999818	0.999902	1.00237	1.00248	
11.0061 1.00016	1.00027	0.999457	0.99954	1.00184	1.00196	
11.0265 1.00055	1.00067	0.999809	0.999892	1.0024	1.00252	
11.047 1.00007	1.00019	1.00027	1.00035	1.00246	1.00259	
11.0675 1.0001	1.00022	0.999303	0.999385	1.00211	1.00224	
11.088 0.999975	1.00009	0.9998	0.999881	1.00248	1.00262	
11.1084 0.999907	1.00003	1.00009	1.00017	1.00211	1.00225	
11.1289 0.999691	0.99981	1.00042	1.0005	1.00183	1.00197	
11.1494 0.999945	1.00006	1.00014	1.00022	1.00304	1.00318	
11.1699 0.999664	0.999783	1.00003	1.00011	1.002	1.00215	
11.1903 0.999963	1.00008	1.00026	1.00035	1.00092	1.00107	
11.2108 0.999658	0.999776	1.00038	1.00046	1.00105	1.0012	
11.2313 0.999206	0.999322	1.00036	1.00045	1.00083	1.00098	
11.2518 0.999702	0.999818	1.00014	1.00022	1.00087	1.00103	
11.2723 0.999513	0.999629	1.00019	1.00028	1.00183	1.00199	
11.2927 0.999954	1.00007	1.00034	1.00043	1.00071	1.00088	
11.3132 0.999512	0.999628	1.00054	1.00063	1.00057	1.00073	
11.3337 0.999362	0.999477	0.999776	0.999864	1.00038	1.00055	
11.3542 0.999666	0.99978	1.00056	1.00065	1.00105	1.00122	
11.3746 0.998966	0.999078	1.00053	1.00062	1.00047	1.00064	
11.3951 0.999452	0.999563	1.00028	1.00037	1.00078	1.00095	
11.4156 0.999217	0.999327	1.00046	1.00055	0.99993	1.0001	
11.4361 0.99969	0.9998	1.00048	1.00057	1.0007	1.00087	
11.4565 0.999665	0.999775	1.00053	1.00062	0.9992	0.999371	
11.477 0.999222	0.99933	1.0007	1.00079	0.999709	0.99988	
11.4975 0.998882	0.998988	1.00048	1.00057	0.999278	0.999448	
11.518 0.999325	0.99943	1.00044	1.00054	1.00009	1.00026	
11.5384 0.999525	0.99963	1.00044	1.00054	0.99952	0.99969	
11.5589 0.999098	0.999201	1.00019	1.00029	0.999998	1.00017	
11.5794 0.999677	0.99978	1.00054	1.00064	0.999636	0.999806	
11.5999 0.999441	0.999543	1.00025	1.00035	0.998485	0.998652	
11.6204 0.99889	0.998989	1.00066	1.00076	0.999167	0.999333	
11.6408 0.99913	0.999228	1.00037	1.00048	0.999108	0.999273	
11.6613 0.999561	0.999658	1.00047	1.00058	0.998665	0.998827	
11.6818 0.999464	0.999561	1.00053	1.00063	0.99886	0.999021	
11.7023 0.999068	0.999163	1.00063	1.00074	0.998168	0.998325	
11.7227 0.999522	0.999616	1.0006	1.00071	0.999364	0.99952	
11.7432 0.999315	0.999408	1.00087	1.00098	0.999234	0.999389	
11.7637 0.999505	0.999597	1.00048	1.00059	0.998756	0.998909	
11.7842 0.999438	0.999529	1.00034	1.00045	0.998312	0.998461	
11.8046 0.999255	0.999345	1.0002	1.00032	0.998159	0.998305	
11.8251 0.999336	0.999425	1.00048	1.00059	0.998477	0.998619	
11.8456 0.999665	0.999753	1.00075	1.00087	0.999356	0.999497	
11.8661 0.99964	0.999728	1.0006	1.00072	0.997953	0.998091	
11.8865 0.999624	0.999711	1.00042	1.00054	0.998967	0.999103	
11.907 0.999975	1.00006	0.999539	0.999658	0.99757	0.9977	
11.9275 0.999678	0.999765	1.00013	1.00025	0.998291	0.998419	
11.948 0.999064	0.999149	1.00018	1.0003	0.998471	0.998595	
11.9685 1	1.00009	1.00024	1.00037	0.997658	0.997778	
11.9889 0.999586	0.99967	0.999925	1.00005	0.998706	0.998823	
12.0094 0.999828	0.999912	1.00005	1.00017	0.998358	0.998472	
12.0299 1.00021	1.0003	0.999857	0.999979	0.998937	0.999049	
12.0504 0.999744	0.999829	0.999838	0.99996	0.998896	0.999006	
12.0708 0.999865	0.999949	0.999907	1.00003	0.997792	0.997897	
12.0913 1.00023	1.00032	0.999498	0.999619	0.997502	0.997601	
12.1118 0.999604	0.999688	0.999804	0.999924	0.998955	0.999053	
12.1323 1.00003	1.00012	0.999599	0.999719	0.998	0.998094	
12.1527 1.00038	1.00046	0.999467	0.999585	0.998499	0.998589	
12.1732 1.0003	1.00039	1.00022	1.00033	0.998498	0.998585	
12.1937 0.999885	0.999971	0.999767	0.999886	0.998334	0.998417	
12.2142 0.999928	1.00001	0.9994	0.999518	0.998643	0.998724	
12.2346 0.999993	1.00008	0.999626	0.999743	0.999294	0.999373	
12.2551 1.00015	1.00024	0.999664	0.999781	0.998163	0.998238	
12.2756 0.99988	0.999967	0.999469	0.999585	0.998716	0.998788	
12.2961 1.00011	1.0002	0.999381	0.999496	0.998591	0.99866	
12.3166 0.999766	0.999853	0.999547	0.999661	0.998681	0.998747	
12.337 0.999878	0.999965	0.999272	0.999385	0.99912	0.999184	
12.3575 1.00032	1.00041	0.999297	0.999409	0.999396	0.999459	
12.378 1.00003	1.00012	0.999335	0.999445	0.998605	0.998665	
12.3985 1.00026	1.00035	0.999365	0.999474	0.99892	0.998977	
12.4189 0.999815	0.999904	0.998876	0.998982	0.999067	0.999122	
12.4394 1.00012	1.00021	0.999728	0.999834	0.998657	0.998708	
12.4599 0.999987	1.00008	0.999245	0.999349	0.999331	0.999381	
12.4804 1.00033	1.00042	0.999004	0.999106	0.998802	0.99885	
12.5008 1.00011	1.0002	0.999229	0.999329	0.99824	0.998283	
12.5213 0.999786	0.999877	0.99907	0.999168	0.999385	0.999426	
12.5418 1.00022	1.00031	0.999376	0.999473	0.999569	0.99961	
12.5623 0.999722	0.999813	0.999249	0.999344	0.998879	0.998917	
12.5827 0.999704	0.999795	0.998995	0.999088	0.999507	0.999544	
12.6032 1.00015	1.00024	0.999416	0.999507	0.998887	0.998921	
12.6237 0.999722	0.999812	0.998907	0.998995	0.999229	0.999261	
12.6442 1.00028	1.00038	0.999182	0.999269	0.999011	0.999041	
12.6647 0.999977	1.00007	0.999471	0.999557	0.999438	0.999466	
12.6851 0.999744	0.999836	0.999097	0.999181	1.00046	1.00049	
12.7056 0.999814	0.999905	0.999063	0.999145	1.00033	1.00036	
12.7261 1.00022	1.00031	0.999164	0.999244	0.999766	0.999796	
12.7466 0.999671	0.999762	0.999076	0.999153	0.999975	1.00001	
12.767 1.0001	1.00019	0.999168	0.999243	0.999769	0.999798	
12.7875 0.999479	0.99957	0.999442	0.999516	1.00049	1.00052	
12.808 0.99993	1.00002	0.999577	0.99965	1.00078	1.00081	
12.8285 0.999892	0.999983	0.999471	0.999542	1.00022	1.00025	
12.8489 1.00004	1.00013	0.999271	0.999341	0.999781	0.999814	
12.8694 1.00029	1.00038	0.999025	0.999092	0.999445	0.999477	
12.8899 0.999791	0.999883	0.999371	0.999437	1.00003	1.00006	
12.9104 0.999788	0.999879	0.999351	0.999415	1.00084	1.00088	
12.9308 0.99972	0.999811	0.999059	0.999121	1.00074	1.00077	
12.9513 0.999827	0.999918	0.999458	0.999519	1.00016	1.0002	
12.9718 0.999759	0.999849	0.999568	0.999627	1.00008	1.00012	
12.9923 0.999765	0.999855	0.999816	0.999875	1.00072	1.00076	
13.0127 0.999863	0.999953	0.999447	0.999505	1.00082	1.00087	
13.0332 0.99978	0.99987	0.999381	0.999437	1.00019	1.00024	
13.0537 0.999799	0.999888	0.99931	0.999364	1.00053	1.00057	
13.0742 0.99954	0.999628	0.999672	0.999725	1.0005	1.00054	
13.0947 0.999788	0.999876	0.999347	0.999399	1.00028	1.00033	
13.1151 0.999728	0.999815	0.999934	0.999985	1.00059	1.00064	
13.1356 0.999802	0.999889	0.999879	0.99993	0.999882	0.999931	
13.1561 0.999411	0.999496	0.99999	1.00004	1.00097	1.00103	
13.1766 0.999388	0.999472	0.999878	0.999929	1.00144	1.0015	
13.197 0.999545	0.999627	0.999758	0.999808	1.00089	1.00095	
13.2175 0.999623	0.999704	0.999618	0.999668	1.00071	1.00077	
13.238 0.999311	0.999391	0.999819	0.999868	1.00085	1.00091	
13.2585 1.00004	1.00012	1.00006	1.00011	1.00056	1.00063	
13.2789 0.999721	0.999801	1.00011	1.00016	0.999509	0.999574	
13.2994 0.999726	0.999805	0.999817	0.999866	1.00067	1.00074	
13.3199 0.999675	0.999753	1.00019	1.00024	0.999948	1.00002	
13.3404 0.999836	0.999913	0.999895	0.999945	1.001	1.00107	
13.3608 0.999754	0.999831	1.00013	1.00018	1.00051	1.00059	
13.3813 0.999404	0.99948	0.999749	0.999799	1.00017	1.00025	
13.4018 0.99975	0.999825	0.999538	0.999586	1.0009	1.00098	
13.4223 0.999468	0.999541	1.00008	1.00013	1.00072	1.0008	
13.4428 0.999813	0.999886	1.00019	1.00024	1.00033	1.00041	
13.4632 0.999778	0.999851	0.999868	0.999918	1.0004	1.00049	
13.4837 0.999935	1.00001	1.00026	1.00031	1.00021	1.00029	
13.5042 0.999668	0.999739	0.999927	0.999978	1.00025	1.00033	
13.5247 0.999295	0.999364	0.999914	0.999964	1.00014	1.00022	
13.5451 0.999761	0.99983	1.00043	1.00049	1.00064	1.00073	
13.5656 0.999945	1.00001	1.0001	1.00015	1.0001	1.00019	
13.5861 1.00003	1.0001	1.00024	1.00029	1.00038	1.00047	
13.6066 0.999861	0.99993	0.999704	0.999756	0.999401	0.999489	
13.627 0.999607	0.999675	1.00008	1.00013	1.00034	1.00043	
13.6475 0.999689	0.999756	1.00057	1.00062	1.00033	1.00042	
13.668 0.999837	0.999904	1.00024	1.00029	0.999363	0.999452	
13.6885 0.999359	0.999424	1.00041	1.00046	1.00069	1.00078	
13.7089 0.999547	0.999611	1.00009	1.00015	1.0002	1.00029	
13.7294 0.999793	0.999855	1.00052	1.00058	0.999928	1.00002	
13.7499 0.999778	0.99984	1.00041	1.00048	1.00021	1.00031	
13.7704 1.00009	1.00016	1.00101	1.00108	1.00048	1.00058	
13.7909 0.999866	0.999928	1.00043	1.0005	0.999861	0.999957	
13.8113 0.999846	0.999909	1.00052	1.00059	0.999487	0.999581	
13.8318 0.999873	0.999935	1.00033	1.0004	0.999936	1.00003	
13.8523 1.0001	1.00016	1.00039	1.00047	0.99942	0.999513	
13.8728 0.999915	0.999977	1.00001	1.00009	0.999676	0.999768	
13.8932 0.999707	0.999769	0.999906	0.99998	1.00007	1.00016	
13.9137 0.999754	0.999815	1.00053	1.0006	1.00034	1.00044	
13.9342 0.999944	1	1.00045	1.00052	0.99976	0.999854	
13.9547 1.00038	1.00044	1.00024	1.00032	0.999988	1.00008	
13.9751 1.00027	1.00033	1.00018	1.00026	0.999921	1.00002	
13.9956 1.00021	1.00027	1.00035	1.00043	0.999904	0.999998	
14.0161 0.999882	0.999947	1.00012	1.0002	0.999567	0.99966	
14.0366 1.00014	1.00021	1.00025	1.00033	0.999358	0.999449	
14.057 1.00009	1.00015	1.00033	1.00042	0.999779	0.999869	
14.0775 0.999952	1.00002	1.00016	1.00025	0.999589	0.999678	
14.098 0.999945	1.00001	1.00028	1.00037	1.00022	1.00031	
14.1185 1.00011	1.00018	1.00016	1.00025	1.00045	1.00054	
14.139 0.999703	0.999769	1.00052	1.00061	0.999705	0.999796	
14.1594 1.00012	1.00018	1.00026	1.00036	0.999542	0.999632	
14.1799 1.00017	1.00024	1.00002	1.00011	0.999508	0.999596	
14.2004 1.00017	1.00024	1.00058	1.00068	0.999872	0.99996	
14.2209 0.999832	0.999901	0.999694	0.99979	0.999927	1.00001	
14.2413 1.00009	1.00016	1.00016	1.00026	0.999843	0.999931	
14.2618 1.00004	1.00011	1.00021	1.00031	0.999923	1.00001	
14.2823 1.00017	1.00024	1.00028	1.00038	1.00068	1.00077	
14.3028 1.00026	1.00033	0.999945	1.00005	1.00011	1.0002	
14.3232 1.00018	1.00025	0.99988	0.99998	0.999867	0.999959	
14.3437 1.00026	1.00033	0.99988	0.99998	1.00005	1.00014	
14.3642 1.00005	1.00013	0.999866	0.999965	0.999983	1.00008	
14.3847 1.00024	1.00031	0.999849	0.999949	0.999798	0.99989	
14.4051 1.00016	1.00024	0.999902	1	1.00011	1.00021	
14.4256 1.00032	1.0004	1.00008	1.00018	1.00051	1.00061	
14.4461 1.00005	1.00013	0.999837	0.999937	1.00012	1.00021	
14.4666 0.999948	1.00003	0.999908	1.00001	0.999279	0.999373	
14.487 1.00027	1.00035	0.999877	0.999977	1.00014	1.00024	
14.5075 1.00019	1.00027	0.999913	1.00001	1.00011	1.0002	
14.528 1.00009	1.00017	1.00037	1.00047	0.999639	0.999734	
14.5485 1.00031	1.0004	1.00001	1.00011	0.999676	0.99977	
14.569 1.0002	1.00028	0.999621	0.999722	0.999118	0.999208	
14.5894 1.00008	1.00016	0.999657	0.999757	0.998808	0.998892	
14.6099 0.999719	0.999806	0.999957	1.00006	0.999752	0.999836	
14.6304 1.00037	1.00046	1.00003	1.00014	1.00035	1.00043	
14.6509 1.00029	1.00038	1.00003	1.00013	0.999777	0.999862	
14.6713 0.999941	1.00003	0.99978	0.999882	1.00047	1.00055	
14.6918 0.999892	0.999983	1.00023	1.00034	0.999294	0.999379	
14.7123 1	1.00009	0.999939	1.00004	0.99947	0.999553	
14.7328 1.0001	1.00019	0.999931	1.00003	0.999772	0.999854	
14.7532 1.00004	1.00014	0.999763	0.999866	0.999718	0.999799	
14.7737 1.00026	1.00035	1	1.00011	1.00017	1.00025	
14.7942 1.0001	1.00019	1.00001	1.00012	1.0002	1.00028	
14.8147 1.00019	1.00029	0.999783	0.999886	1.00016	1.00025	
14.8351 0.999979	1.00008	0.999694	0.999796	0.999294	0.999376	
14.8556 1.00018	1.00028	0.999948	1.00005	0.999517	0.999596	
14.8761 0.999987	1.00009	0.999633	0.999734	1.00035	1.00043	
14.8966 1.00006	1.00016	0.999992	1.00009	1.00065	1.00073	
14.9171 1.00013	1.00023	0.99982	0.999922	1.00037	1.00046	
14.9375 0.999974	1.00008	0.999687	0.999787	1.0003	1.00039	
14.958 0.999918	1.00002	0.999874	0.999974	1.00071	1.00081	
14.9785 1.00003	1.00014	0.999845	0.999945	1.00041	1.00051	
14.999 0.999966	1.00007	0.999735	0.999834	1.00036	1.00045	
15.0194 0.999672	0.999774	1.00001	1.00011	1.00033	1.00043	
15.0399 0.999787	0.999888	0.999955	1.00006	1.00065	1.00076	
15.0604 1.00012	1.00022	0.999946	1.00005	1.0001	1.00021	
15.0809 1.00032	1.00043	0.999885	0.999985	1.00016	1.00027	
15.1013 1.00018	1.00028	1.00002	1.00012	0.999532	0.999638	
15.1218 0.999622	0.999727	0.999717	0.999816	1.00012	1.00023	
15.1423 1.00003	1.00014	0.999667	0.999766	0.999255	0.999358	
15.1628 0.999883	0.999988	0.999846	0.999944	1.00006	1.00016	
15.1832 0.999862	0.999967	0.999856	0.999954	0.999012	0.999112	
15.2037 0.999978	1.00008	0.999771	0.999869	0.9995	0.999597	
15.2242 0.999938	1.00004	1.00003	1.00012	0.999995	1.00009	
15.2447 0.999628	0.999732	0.999934	1.00003	0.999718	0.999815	
15.2652 0.999737	0.999841	0.999465	0.999561	0.9997	0.999796	
15.2856 1.00007	1.00018	0.999939	1.00004	1.00039	1.00049	
15.3061 0.99987	0.999974	0.999195	0.999287	1.00058	1.00068	
15.3266 1.00015	1.00026	0.999863	0.999955	0.999678	0.999779	
15.3471 0.999679	0.999784	0.999981	1.00007	1.0003	1.00041	
15.3675 0.999712	0.999815	0.999672	0.999763	1.00053	1.00064	
15.388 1.00002	1.00013	0.99983	0.999921	0.999482	0.999587	
15.4085 0.9998	0.999904	0.999852	0.999942	1.00006	1.00016	
15.429 0.999564	0.999666	1.00011	1.00021	0.999708	0.999812	
15.4494 0.999975	1.00008	0.999815	0.999906	0.999347	0.999448	
15.4699 0.999562	0.999662	0.999528	0.999616	1.00055	1.00065	
15.4904 0.999924	1.00002	1.00022	1.00031	1.00053	1.00064	
15.5109 0.99991	1.00001	0.99971	0.9998	0.999304	0.999409	
15.5313 0.999906	1.00001	1.00014	1.00023	1.00061	1.00072	
15.5518 0.999639	0.999738	0.999853	0.999943	1.00027	1.00039	
15.5723 0.999571	0.999669	0.999736	0.999825	0.999665	0.999775	
15.5928 0.999877	0.999974	0.999697	0.999786	0.999314	0.999421	
15.6133 0.999659	0.999755	1.00004	1.00013	0.999786	0.999892	
15.6337 0.999752	0.999848	1.00004	1.00013	0.999167	0.999269	
15.6542 0.999882	0.999977	0.999839	0.999928	0.99967	0.99977	
15.6747 0.999814	0.999908	0.999695	0.999783	0.999806	0.999906	
15.6952 1.00018	1.00028	1.00007	1.00016	0.99987	0.99997	
15.7156 0.99994	1.00004	0.999799	0.999887	1.00026	1.00036	
15.7361 0.99986	0.999956	1.0003	1.00039	0.999494	0.999594	
15.7566 0.999719	0.999814	0.999612	0.9997	0.999684	0.999782	
15.7771 0.999705	0.999799	0.999685	0.999772	0.999627	0.999723	
15.7975 0.999117	0.999206	1.00008	1.00017	0.999965	1.00006	
15.818 0.999881	0.99997	0.999748	0.999835	1.00044	1.00054	
15.8385 0.999713	0.999801	1.0001	1.00019	0.999193	0.999289	
15.859 0.999968	1.00006	0.999759	0.999846	0.999976	1.00007	
15.8794 0.999783	0.999871	0.999961	1.00005	0.99915	0.999242	
15.8999 0.999989	1.00008	1	1.00009	0.999663	0.999754	
15.9204 0.99954	0.999625	0.999897	0.999985	0.999474	0.999562	
15.9409 0.999812	0.999897	1.00008	1.00017	1.00032	1.00041	
15.9613 0.999884	0.999969	0.999967	1.00006	1.00005	1.00014	
15.9818 1.00004	1.00012	1.00004	1.00013	0.999701	0.999791	
16.0023 0.999701	0.999785	0.999773	0.999863	1.00021	1.0003	
16.0228 0.999967	1.00005	1.00009	1.00018	1.00001	1.0001	
16.0433 0.99939	0.999472	0.99989	0.999981	0.999761	0.999853	
16.0637 0.999835	0.999916	1.00009	1.00018	0.999937	1.00003	
16.0842 1.00024	1.00032	0.999856	0.999947	1.00023	1.00032	
16.1047 0.999842	0.999924	0.999752	0.999843	0.999658	0.999751	
16.1252 0.99998	1.00006	0.999973	1.00006	1.00004	1.00014	
16.1456 1.00034	1.00043	0.999761	0.999851	1.00005	1.00015	
16.1661 0.999511	0.999594	0.999786	0.999875	0.999961	1.00005	
16.1866 0.999754	0.999836	0.999409	0.999495	1.00001	1.00011	
16.2071 0.999536	0.999616	1.0001	1.00019	0.998998	0.999087	
16.2275 0.999854	0.999933	0.99963	0.999715	0.999684	0.999772	
16.248 0.999992	1.00007	1.00021	1.0003	0.999357	0.999441	
16.2685 0.999759	0.999837	0.999713	0.999799	0.999444	0.999525	
16.289 0.999854	0.999932	0.999786	0.999872	0.998929	0.999004	
16.3094 0.999994	1.00007	0.999547	0.99963	0.999398	0.999469	
16.3299 0.999976	1.00006	0.999604	0.999685	0.999221	0.999288	
16.3504 0.999815	0.999893	0.999917	0.999998	0.999937	1	
16.3709 0.999801	0.999878	1.00011	1.00019	0.999928	0.999995	
16.3914 0.999651	0.999726	0.999704	0.999784	0.999532	0.999597	
16.4118 0.999657	0.999731	1.00017	1.00026	1.00042	1.00049	
16.4323 1.00006	1.00014	0.99975	0.999832	0.999623	0.999688	
16.4528 0.999941	1.00002	0.99987	0.999951	0.999889	0.999954	
16.4733 1.00019	1.00027	1.00002	1.0001	1.00037	1.00044	
16.4937 0.999955	1.00003	0.99992	1	0.999429	0.999494	
16.5142 0.999796	0.999872	0.999789	0.999869	0.999857	0.999921	
16.5347 0.999979	1.00006	0.999771	0.999851	0.99952	0.999581	
16.5552 0.999846	0.999921	0.999414	0.999491	1.00033	1.00039	
16.5756 0.999825	0.999901	0.999797	0.999873	0.999568	0.99963	
16.5961 0.999926	1	0.999719	0.999793	0.999961	1.00002	
16.6166 1.00007	1.00014	1.00027	1.00035	0.999717	0.999777	
16.6371 0.999994	1.00007	0.999515	0.999589	1.00009	1.00015	
16.6575 0.999983	1.00006	1.00004	1.00012	1.00033	1.00039	
16.678 0.999816	0.999892	0.999474	0.999545	0.999954	1.00002	
16.6985 0.999761	0.999836	1.00006	1.00013	1.00081	1.00088	
16.719 1.00021	1.00028	0.999973	1.00005	0.999834	0.999903	
16.7395 0.999695	0.99977	1.00016	1.00023	0.999499	0.999566	
16.7599 0.999469	0.999541	1.0002	1.00027	0.999965	1.00003	
16.7804 0.999901	0.999973	0.999703	0.999777	1.00003	1.0001	
16.8009 1.00006	1.00013	1.00011	1.00018	0.999548	0.999613	
16.8214 0.999897	0.99997	0.999841	0.999916	0.999293	0.999353	
16.8418 1.0001	1.00018	0.999753	0.999827	1.00086	1.00092	
16.8623 0.999794	0.999867	0.99947	0.999541	1.00011	1.00018	
16.8828 0.999896	0.999969	1.00018	1.00025	0.999725	0.999792	
16.9033 0.99987	0.999942	1.00027	1.00035	1.00019	1.00026	
16.9237 0.999988	1.00006	0.999985	1.00006	0.999454	0.999518	
16.9442 0.99996	1.00003	0.999812	0.999887	0.999902	0.999967	
16.9647 0.999749	0.999821	0.999803	0.999876	0.999802	0.999866	
16.9852 1.00008	1.00016	0.999755	0.999827	0.999908	0.999971	
17.0056 0.999757	0.999829	0.999792	0.999864	0.999768	0.99983	
17.0261 0.999556	0.999625	0.999987	1.00006	1.00005	1.00011	
17.0466 1.00018	1.00025	0.999331	0.999398	1.00038	1.00045	
17.0671 0.999718	0.999787	1.00004	1.00011	1.00076	1.00083	
17.0876 0.999977	1.00005	0.99999	1.00006	0.999935	1.00001	
17.108 1.00001	1.00009	0.999987	1.00006	1.00003	1.0001	
17.1285 1.00007	1.00014	0.999236	0.9993	0.999712	0.999783	
17.149 0.999922	0.999994	0.999728	0.99979	1.00002	1.00009	
17.1695 1	1.00007	0.999781	0.999842	1.00008	1.00015	
17.1899 1.00035	1.00043	1.0001	1.00016	0.999575	0.999645	
17.2104 1.00015	1.00023	0.999612	0.999672	0.999559	0.999626	
17.2309 0.999559	0.999633	0.999985	1.00005	1.00028	1.00035	
17.2514 0.999875	0.999949	0.999951	1.00001	0.999599	0.999667	
17.2718 0.99975	0.999822	1.00022	1.00028	0.999819	0.999886	
17.2923 0.999687	0.999757	0.999938	1	0.999202	0.999263	
17.3128 1.00002	1.00009	0.999795	0.999856	1.00033	1.0004	
17.3333 1.00012	1.00019	1.00028	1.00034	1.00078	1.00086	
17.3537 1.00032	1.0004	1.00026	1.00033	1.00037	1.00045	
17.3742 0.999898	0.999973	1.00003	1.00009	0.999174	0.999243	
17.3947 0.999929	1	1.00005	1.00011	1.00018	1.00025	
17.4152 0.999763	0.999837	1.00003	1.0001	0.999742	0.999811	
17.4356 1.00011	1.00019	1.00025	1.00032	0.999311	0.999375	
17.4561 0.999825	0.9999	1.00014	1.00021	0.999237	0.999295	
17.4766 1.00015	1.00023	1.00029	1.00037	0.999979	1.00004	
17.4971 0.999694	0.999769	1.0001	1.00018	0.999696	0.999753	
17.5176 0.999507	0.999579	0.999641	0.999716	0.999473	0.999526	
17.538 1	1.00008	1.00016	1.00024	1.00017	1.00023	
17.5585 1.0006	1.00068	0.999757	0.999833	1.00022	1.00027	
17.579 1.00001	1.00009	1.0001	1.00018	0.999473	0.999526	
17.5995 1.00003	1.00011	1.00005	1.00013	1.00053	1.00059	
17.6199 0.99983	0.999909	0.999803	0.99988	1.00007	1.00013	
17.6404 1.00023	1.00031	1.00006	1.00014	1.00022	1.00028	
17.6609 1.00013	1.00021	0.999957	1.00004	0.999725	0.999784	
17.6814 1.0001	1.00019	1.00023	1.00031	1.00041	1.00047	
17.7018 0.999699	0.999781	0.999303	0.999379	0.999791	0.999853	
17.7223 1.00004	1.00012	1.00002	1.00009	1.00035	1.00041	
17.7428 0.999922	1.00001	0.999767	0.999843	1.00076	1.00083	
17.7633 0.999913	0.999997	1.0002	1.00028	0.999948	1.00002	
17.7837 0.999555	0.999636	0.999914	0.999992	0.999859	0.999932	
17.8042 1.00017	1.00025	0.999807	0.999884	0.999941	1.00001	
17.8247 0.999838	0.99992	1.00001	1.00008	1.00009	1.00017	
17.8452 0.999903	0.999985	0.999987	1.00007	1.00059	1.00067	
17.8657 1.00007	1.00015	1.00001	1.00009	0.999804	0.999883	
17.8861 0.999998	1.00008	1.00005	1.00013	1.00013	1.00022	
17.9066 0.999906	0.999989	0.999866	0.999945	1.00026	1.00034	
17.9271 0.999766	0.999849	1.00009	1.00017	1.00009	1.00017	
17.9476 0.99989	0.999972	1.00004	1.00012	0.999553	0.999635	
17.968 1.0002	1.00029	0.999932	1.00001	0.999962	1.00004	
17.9885 1.00016	1.00025	1.00019	1.00028	0.999563	0.999642	
18.009 1.00007	1.00016	0.999673	0.999756	1.00097	1.00106	
18.0295 0.999909	0.999997	1.0002	1.00029	0.999904	0.999993	
18.0499 0.999832	0.99992	0.999732	0.999815	1.00063	1.00072	
18.0704 0.999959	1.00005	1.00001	1.00009	1.0008	1.0009	
18.0909 0.999738	0.999825	1.00032	1.00041	0.999605	0.999706	
18.1114 0.999824	0.999909	0.99997	1.00006	1.00004	1.00014	
18.1318 1.0001	1.00019	0.999823	0.999911	1.00077	1.00088	
18.1523 1.00012	1.00021	0.99969	0.999776	0.999345	0.999451	
18.1728 0.9998	0.999888	1.00009	1.00018	1.0006	1.00071	
18.1933 0.999976	1.00006	0.999739	0.999825	0.999603	0.999713	
18.2138 1.00005	1.00014	1.0001	1.00019	1.00025	1.00036	
18.2342 1.0001	1.00019	1.00012	1.00021	0.999379	0.999487	
18.2547 0.999965	1.00006	0.999761	0.99985	1.00017	1.00029	
18.2752 0.999854	0.999946	1.0001	1.00019	1.00015	1.00026	
18.2957 1.00002	1.00011	1.00003	1.00012	1.00049	1.00061	
18.3161 0.999973	1.00007	0.999756	0.999845	0.999786	0.999905	
18.3366 0.999693	0.999785	1.00011	1.0002	0.999944	1.00006	
18.3571 0.99987	0.999962	0.999818	0.999909	0.999484	0.999599	
18.3776 1.00004	1.00013	1.00021	1.00031	0.999806	0.99992	
18.398 1.00009	1.00018	0.999831	0.999924	0.999407	0.999517	
18.4185 0.999729	0.999822	0.999704	0.999795	1.00013	1.00024	
18.439 1.00025	1.00035	0.999859	0.99995	0.999075	0.999179	
18.4595 0.999768	0.999863	0.999805	0.999895	0.99939	0.999489	
18.4799 1.00005	1.00015	0.999788	0.999876	0.999918	1.00002	
18.5004 1.00002	1.00012	0.999762	0.999849	1.0004	1.0005	
18.5209 0.999824	0.99992	0.999735	0.99982	0.999629	0.99973	
18.5414 0.999666	0.99976	1.00036	1.00045	0.999448	0.999544	
18.5619 1.00039	1.00048	0.999832	0.99992	1.00007	1.00017	
18.5823 1.00015	1.00025	0.999847	0.999935	0.999364	0.999456	
18.6028 0.999922	1.00002	0.999978	1.00007	1.00115	1.00126	
18.6233 0.999679	0.999779	0.999814	0.999901	1.00032	1.00043	
18.6438 1.00019	1.0003	1.00029	1.00038	0.999304	0.999407	
18.6642 1.00011	1.00021	0.999975	1.00007	0.999754	0.999856	
18.6847 0.999705	0.999808	0.999981	1.00007	0.999851	0.999952	
18.7052 1.00012	1.00023	1.00011	1.0002	0.99928	0.999375	
18.7257 0.999862	0.999967	0.99963	0.999723	1.00044	1.00054	
18.7461 0.999746	0.99985	1.00019	1.00029	1.00028	1.00039	
18.7666 0.99955	0.999649	0.99956	0.999651	0.999228	0.999326	
18.7871 0.999825	0.999924	0.999716	0.999805	0.999552	0.999646	
18.8076 0.999705	0.999801	0.999898	0.999987	0.999436	0.999525	
18.828 0.999727	0.999822	0.999497	0.999582	0.999332	0.999414	
18.8485 0.999663	0.999755	1.00009	1.00017	0.999823	0.999904	
18.869 1.00019	1.00028	0.999719	0.999803	1.00082	1.00091	
18.8895 1.00015	1.00025	1.00053	1.00062	0.999427	0.999513	
18.91 0.999587	0.999682	0.999821	0.999911	0.999952	1.00004	
18.9304 1.00018	1.00028	1.0002	1.00029	0.999843	0.999929	
18.9509 0.999855	0.999952	1.00022	1.00032	0.999703	0.999787	
18.9714 0.999491	0.999583	0.999546	0.999639	0.999375	0.999451	
18.9919 0.99951	0.999598	1.00023	1.00033	0.999586	0.999659	
19.0123 0.999911	0.999998	0.999771	0.999867	0.999938	1.00001	
19.0328 1.00021	1.0003	0.99901	0.999095	1.00057	1.00065	
19.0533 1.00004	1.00013	0.999958	1.00004	0.999207	0.999279	
19.0738 0.99949	0.999578	0.999886	0.999971	0.999069	0.999131	
19.0942 0.999971	1.00006	1.00019	1.00028	0.999306	0.999361	
19.1147 1.00001	1.00009	1.00035	1.00044	1.00067	1.00073	
19.1352 0.999833	0.999921	0.999993	1.00009	1.00041	1.00048	
19.1557 0.999811	0.999898	0.99981	0.999904	0.999051	0.999109	
19.1761 1.00006	1.00015	0.99992	1.00001	1.00055	1.00062	
19.1966 0.999925	1.00001	0.999805	0.999897	1.00073	1.0008	
19.2171 1.00014	1.00023	0.999619	0.999708	1.0003	1.00038	
19.2376 0.999893	0.999985	0.999692	0.999779	0.999983	1.00006	
19.258 0.999822	0.999913	0.999962	1.00005	1.00044	1.00052	
19.2785 1.00015	1.00025	1.00017	1.00026	1.00044	1.00053	
19.299 0.999868	0.999961	1.00025	1.00035	0.999395	0.999482	
19.3195 0.999968	1.00006	0.999788	0.999881	0.999768	0.999853	
19.34 1.00011	1.00021	0.999913	1.00001	0.998867	0.998939	
19.3604 1.00031	1.00041	1.00017	1.00026	1.00035	1.00043	
19.3809 1.00006	1.00016	0.999831	0.999926	0.999441	0.999513	
19.4014 0.999852	0.999956	0.999449	0.999539	1.00004	1.00012	
19.4219 0.999779	0.999881	0.999775	0.999863	0.999603	0.999671	
19.4423 0.999649	0.999747	0.999912	1	1.0006	1.00068	
19.4628 0.999784	0.999881	1.00014	1.00023	1.00074	1.00082	
19.4833 0.999368	0.999458	0.999606	0.999692	0.999297	0.999377	
19.5038 0.999807	0.999895	0.999459	0.99954	1.00091	1.001	
19.5242 0.999748	0.999834	1.00015	1.00024	0.99821	0.99828	
19.5447 1.0001	1.00019	1.00021	1.0003	1.00053	1.00061	
19.5652 0.999638	0.999724	0.999821	0.999907	0.999815	0.999892	
19.5857 0.999462	0.999541	0.999976	1.00006	0.999207	0.999274	
19.6061 0.999874	0.999953	0.999609	0.999692	1.00095	1.00103	
19.6266 0.999853	0.999931	1.00025	1.00033	1.00035	1.00043	
19.6471 0.999948	1.00003	1.00022	1.00031	1.00048	1.00058	
19.6676 0.999824	0.999901	0.999595	0.999682	1.00083	1.00094	
19.6881 0.999873	0.99995	0.999936	1.00002	0.999951	1.00006	
19.7085 1.00009	1.00017	0.99988	0.999967	0.9992	0.999298	
19.729 0.99982	0.999897	0.999917	1	0.999924	1.00002	
19.7495 0.999969	1.00005	1.0004	1.0005	0.999868	0.999967	
19.77 1.00043	1.00052	1.00011	1.00021	0.999494	0.999587	
19.7904 1.00027	1.00036	0.999372	0.999462	0.999447	0.999533	
19.8109 1.00016	1.00025	1.00025	1.00035	1.0005	1.0006	
19.8314 1.00004	1.00014	0.999799	0.999892	0.999834	0.999928	
19.8519 0.999758	0.999851	0.999613	0.999702	1.00042	1.00052	
19.8723 0.999928	1.00002	0.999943	1.00003	0.99944	0.999534	
19.8928 1.00001	1.0001	1.00024	1.00033	1.00047	1.00057	
19.9133 1.00015	1.00025	0.999203	0.999286	0.999182	0.999274	
19.9338 1.00045	1.00055	1.00019	1.00028	0.998752	0.998827	
19.9542 0.999668	0.999771	1.00003	1.00012	1.00026	1.00034	
19.9747 0.999463	0.99956	0.999773	0.999861	0.999795	0.999873	
19.9952 0.999504	0.999595	1.00008	1.00017	0.999659	0.999733	
20.0157 0.99977	0.999858	0.999887	0.999976	0.99927	0.999335	
20.0362 1.00026	1.00035	0.999922	1.00001	0.999444	0.999501	
20.0566 0.999927	1.00002	0.999812	0.9999	0.9995	0.999551	
20.0771 0.999689	0.99978	0.999566	0.99965	0.999616	0.999661	
20.0976 0.999883	0.999974	1.0003	1.00039	0.99994	0.999986	
20.1181 1.00016	1.00025	0.999771	0.999858	1.00004	1.00009	
20.1385 1.00004	1.00013	0.999957	1.00004	0.999642	0.999684	
20.159 1.00035	1.00045	1.00048	1.00058	1.00093	1.00099	
20.1795 1.0002	1.00031	0.999547	0.999638	0.999779	0.999833	
20.2 1.00001	1.00012	0.999693	0.999781	1.00041	1.00048	
20.2204 0.999267	0.999368	1.00018	1.00027	1.00015	1.00022	
20.2409 0.999857	0.999957	1.00009	1.00019	0.998822	0.99887	
20.2614 1.00073	1.00084	0.999837	0.99993	1.0006	1.00066	
20.2819 0.999667	0.999776	0.999863	0.999955	0.999744	0.999799	
20.3023 0.999555	0.999659	0.999657	0.999746	0.999903	0.999957	
20.3228 0.999283	0.999377	0.999314	0.999394	1.00119	1.00126	
20.3433 1.00043	1.00053	0.999438	0.99951	0.999664	0.999733	
20.3638 1.00016	1.00027	1.00026	1.00033	0.999156	0.999213	
20.3843 1.00018	1.00029	0.999892	0.999968	1.00114	1.00121	
20.4047 0.99985	0.99996	1.00002	1.00009	0.999081	0.999143	
20.4252 1.0002	1.00032	0.999556	0.999628	1.00123	1.00132	
20.4457 0.999633	0.999744	0.999034	0.999093	0.999724	0.999804	
20.4662 0.999526	0.999631	0.999704	0.999758	1.00006	1.00014	
