#NOTE: MSDs should be divided by the temperature.
#NOTE: MSDs have been divided by 2 or 10 (i.e., the viscosity computed from all components).
#Time	MSD_xx	MSD_yy	MSD_zz	MSD_xy	MSD_xz	MSD_yz	MSD_off	MSD_all	MSD_bulkvisc
 20 6.26935e+09 6.26718e+09 6.26006e+09 6.26966e+09 6.25849e+09 6.27177e+09 6.26664e+09 6.26619e+09 1.12445e+10
 40 1.95813e+10 1.95747e+10 1.95471e+10 1.95778e+10 1.95382e+10 1.95914e+10 1.95691e+10 1.95686e+10 4.12083e+10
 60 3.46443e+10 3.46287e+10 3.45732e+10 3.46247e+10 3.45449e+10 3.46645e+10 3.46114e+10 3.4613e+10 8.49855e+10
 80 4.9723e+10 4.97017e+10 4.96231e+10 4.96741e+10 4.95523e+10 4.97607e+10 4.96624e+10 4.96705e+10 1.3903e+11
 100 6.47336e+10 6.47283e+10 6.46289e+10 6.46447e+10 6.4482e+10 6.47999e+10 6.46422e+10 6.46641e+10 2.00456e+11
 120 8.01423e+10 8.01821e+10 8.00553e+10 8.00053e+10 7.97965e+10 8.02526e+10 8.00181e+10 8.00615e+10 2.66917e+11
 140 9.64378e+10 9.65459e+10 9.63807e+10 9.6249e+10 9.59861e+10 9.66022e+10 9.62791e+10 9.63494e+10 3.36837e+11
 160 1.13794e+11 1.13988e+11 1.13772e+11 1.13556e+11 1.13229e+11 1.14014e+11 1.136e+11 1.137e+11 4.09164e+11
 180 1.32004e+11 1.32293e+11 1.32022e+11 1.3172e+11 1.31314e+11 1.32277e+11 1.3177e+11 1.31905e+11 4.82804e+11
 200 1.50762e+11 1.51146e+11 1.5083e+11 1.50427e+11 1.49931e+11 1.5108e+11 1.50479e+11 1.50653e+11 5.56642e+11
 200 1.50391e+11 1.51124e+11 1.5088e+11 1.50393e+11 1.49962e+11 1.51015e+11 1.50456e+11 1.50593e+11 5.5647e+11
 400 3.57674e+11 3.59375e+11 3.58805e+11 3.56675e+11 3.55299e+11 3.587e+11 3.56891e+11 3.57582e+11 1.21459e+12
 600 5.84484e+11 5.8717e+11 5.86223e+11 5.81784e+11 5.79541e+11 5.8567e+11 5.82332e+11 5.83782e+11 1.60172e+12
 800 8.2008e+11 8.23324e+11 8.22446e+11 8.15401e+11 8.12133e+11 8.21491e+11 8.16342e+11 8.18585e+11 1.64185e+12
 1000 1.05981e+12 1.06371e+12 1.06256e+12 1.05345e+12 1.04862e+12 1.06145e+12 1.05451e+12 1.05752e+12 1.43532e+12
 1200 1.30155e+12 1.30641e+12 1.30521e+12 1.29431e+12 1.28781e+12 1.30258e+12 1.2949e+12 1.2987e+12 1.1878e+12
 1400 1.54452e+12 1.54985e+12 1.54911e+12 1.53631e+12 1.52848e+12 1.54466e+12 1.53648e+12 1.54102e+12 1.04121e+12
 1600 1.78874e+12 1.79405e+12 1.79387e+12 1.7789e+12 1.77064e+12 1.78734e+12 1.77896e+12 1.78426e+12 1.02609e+12
 1800 2.03375e+12 2.03888e+12 2.0396e+12 2.02213e+12 2.01299e+12 2.03128e+12 2.02213e+12 2.02824e+12 1.10156e+12
 2000 2.27914e+12 2.2841e+12 2.28629e+12 2.26587e+12 2.2553e+12 2.27594e+12 2.2657e+12 2.27269e+12 1.19744e+12
 2000 2.27969e+12 2.28105e+12 2.28414e+12 2.26311e+12 2.26956e+12 2.27619e+12 2.26962e+12 2.27442e+12 1.19611e+12
 4000 4.74019e+12 4.75469e+12 4.75276e+12 4.7209e+12 4.69921e+12 4.74498e+12 4.7217e+12 4.73271e+12 1.27266e+12
 6000 7.21315e+12 7.27776e+12 7.23898e+12 7.21746e+12 7.10112e+12 7.23397e+12 7.18419e+12 7.20783e+12 1.33117e+12
 8000 9.69814e+12 9.80105e+12 9.72316e+12 9.75181e+12 9.53923e+12 9.74671e+12 9.67925e+12 9.70386e+12 1.38448e+12
 10000 1.22188e+13 1.23101e+13 1.22254e+13 1.23454e+13 1.19505e+13 1.22828e+13 1.21929e+13 1.22163e+13 1.46444e+12
 12000 1.47551e+13 1.48351e+13 1.47449e+13 1.49565e+13 1.44085e+13 1.47875e+13 1.47175e+13 1.47418e+13 1.52367e+12
 14000 1.73013e+13 1.73659e+13 1.72753e+13 1.75822e+13 1.68944e+13 1.72598e+13 1.72455e+13 1.72729e+13 1.60196e+12
 16000 1.98548e+13 1.98908e+13 1.9805e+13 2.01996e+13 1.93537e+13 1.97424e+13 1.97652e+13 1.97992e+13 1.66688e+12
 18000 2.23986e+13 2.23884e+13 2.23361e+13 2.28126e+13 2.18075e+13 2.22253e+13 2.22818e+13 2.23188e+13 1.73836e+12
 20000 2.49501e+13 2.49196e+13 2.48707e+13 2.54474e+13 2.42738e+13 2.47093e+13 2.48102e+13 2.48515e+13 1.7962e+12
 20000 2.51647e+13 2.52889e+13 2.43587e+13 2.55451e+13 2.43617e+13 2.43034e+13 2.47367e+13 2.4817e+13 1.75897e+12
 40000 5.09152e+13 5.03906e+13 4.93584e+13 5.22195e+13 4.86424e+13 4.82796e+13 4.97138e+13 4.99169e+13 2.39503e+12
 60000 7.58637e+13 7.55379e+13 7.22083e+13 7.69396e+13 7.28001e+13 7.37391e+13 7.44929e+13 7.45104e+13 3.03516e+12
 80000 1.01157e+14 1.0148e+14 9.48025e+13 1.02322e+14 9.764e+13 9.78117e+13 9.92578e+13 9.92134e+13 3.745e+12
 100000 1.27139e+14 1.27161e+14 1.17008e+14 1.27346e+14 1.21727e+14 1.23046e+14 1.24039e+14 1.23931e+14 4.30904e+12
 120000 1.53506e+14 1.53281e+14 1.39629e+14 1.52113e+14 1.4658e+14 1.47593e+14 1.48762e+14 1.48779e+14 4.96231e+12
 140000 1.78555e+14 1.79322e+14 1.60753e+14 1.77457e+14 1.71838e+14 1.71591e+14 1.73629e+14 1.73328e+14 5.49937e+12
 160000 2.02372e+14 2.04665e+14 1.80941e+14 2.03931e+14 1.97328e+14 1.96153e+14 1.99138e+14 1.9788e+14 6.03747e+12
 180000 2.25046e+14 2.30415e+14 2.01245e+14 2.31548e+14 2.22578e+14 2.20162e+14 2.24763e+14 2.22418e+14 6.62123e+12
 200000 2.48129e+14 2.5685e+14 2.21962e+14 2.56814e+14 2.48533e+14 2.45355e+14 2.50234e+14 2.47066e+14 7.21118e+12
 200000 2.46188e+14 2.57e+14 2.17391e+14 2.44991e+14 2.45262e+14 2.51764e+14 2.47339e+14 2.44481e+14 6.95043e+12
 400000 5.09943e+14 5.26593e+14 4.18009e+14 4.57878e+14 4.9374e+14 5.45352e+14 4.9899e+14 4.93333e+14 1.37491e+13
 600000 8.03716e+14 8.16275e+14 6.17994e+14 6.3879e+14 7.38128e+14 8.06832e+14 7.27917e+14 7.35148e+14 1.93105e+13
 800000 1.10351e+15 1.08372e+15 8.27251e+14 8.02951e+14 9.6951e+14 1.01223e+15 9.28232e+14 9.5887e+14 2.44057e+13
 1e+06 1.41101e+15 1.3641e+15 1.04377e+15 9.52756e+14 1.22381e+15 1.20156e+15 1.12604e+15 1.18481e+15 2.99503e+13
 1.2e+06 1.73411e+15 1.65027e+15 1.28353e+15 1.09383e+15 1.49069e+15 1.45408e+15 1.3462e+15 1.43011e+15 3.53539e+13
 1.4e+06 2.05819e+15 1.92914e+15 1.48263e+15 1.25924e+15 1.77769e+15 1.73058e+15 1.58917e+15 1.68283e+15 3.97692e+13
 1.6e+06 2.42674e+15 2.22584e+15 1.67682e+15 1.44131e+15 2.02757e+15 2.00178e+15 1.82355e+15 1.93805e+15 4.37682e+13
 1.8e+06 2.80469e+15 2.53921e+15 1.88376e+15 1.64461e+15 2.29696e+15 2.24908e+15 2.06355e+15 2.20182e+15 4.70305e+13
 2e+06 3.19503e+15 2.83683e+15 2.10264e+15 1.84094e+15 2.56183e+15 2.45715e+15 2.28664e+15 2.45658e+15 4.96277e+13
 2e+06 3.17147e+15 2.80748e+15 1.98654e+15 1.92134e+15 2.17238e+15 2.61819e+15 2.2373e+15 2.40445e+15 4.78609e+13
 4e+06 6.74355e+15 4.31014e+15 4.61585e+15 4.10732e+15 5.84715e+15 4.92158e+15 4.95869e+15 5.06448e+15 9.65152e+13
 6e+06 9.93415e+15 4.95797e+15 7.84469e+15 6.77708e+15 9.92126e+15 7.76923e+15 8.15586e+15 7.92509e+15 1.32468e+14
 8e+06 1.37036e+16 5.98153e+15 1.07834e+16 8.65836e+15 1.43577e+16 1.08873e+16 1.13011e+16 1.08431e+16 1.5518e+14
 1e+07 1.68352e+16 6.7663e+15 1.40285e+16 1.18226e+16 1.93344e+16 1.46329e+16 1.52633e+16 1.41753e+16 1.45542e+14
 1.2e+07 2.0125e+16 8.75495e+15 1.70821e+16 1.50313e+16 2.38146e+16 1.84382e+16 1.90947e+16 1.75851e+16 1.25641e+14
 1.4e+07 2.40206e+16 1.07898e+16 2.01355e+16 1.92379e+16 2.84441e+16 2.22605e+16 2.33142e+16 2.13146e+16 1.38746e+14
 1.6e+07 2.8634e+16 1.08784e+16 2.27757e+16 2.4049e+16 3.29616e+16 2.55104e+16 2.7507e+16 2.48093e+16 1.50864e+14
 1.8e+07 3.29378e+16 1.20759e+16 2.48461e+16 2.91996e+16 3.69992e+16 2.99622e+16 3.20537e+16 2.85468e+16 1.93608e+14
 2e+07 3.76324e+16 1.35774e+16 2.75731e+16 3.46487e+16 4.04188e+16 3.55381e+16 3.68685e+16 3.26255e+16 2.44761e+14
 2e+07 2.69551e+16 2.08308e+16 2.63735e+16 2.44383e+16 4.60231e+16 3.07636e+16 3.37417e+16 3.01329e+16 1.70958e+14
 4e+07 1.1781e+17 1.45273e+16 5.69258e+16 8.11638e+16 7.28628e+16 8.92103e+16 8.1079e+16 7.38825e+16 3.12312e+14
 6e+07 2.53708e+17 4.48424e+16 1.07656e+17 1.64706e+17 7.54439e+16 1.12283e+17 1.17478e+17 1.24647e+17 1.99259e+14
 8e+07 3.57595e+17 5.85548e+16 1.26744e+17 3.2401e+17 6.05552e+15 7.6111e+16 1.35392e+17 1.53621e+17 5.98564e+12
