#NOTE: MSDs should be divided by the temperature.
#NOTE: MSDs have been divided by 2 or 10 (i.e., the viscosity computed from all components).
#Time	MSD_xx	MSD_yy	MSD_zz	MSD_xy	MSD_xz	MSD_yz	MSD_off	MSD_all	MSD_bulkvisc
 20 5.78852e+09 5.80024e+09 5.78487e+09 5.7804e+09 5.79647e+09 5.78628e+09 5.78772e+09 5.78911e+09 1.01683e+10
 40 1.7925e+10 1.79653e+10 1.79135e+10 1.78943e+10 1.79538e+10 1.79169e+10 1.79217e+10 1.79268e+10 3.71824e+10
 60 3.14154e+10 3.14938e+10 3.14003e+10 3.13519e+10 3.14763e+10 3.14029e+10 3.14104e+10 3.14208e+10 7.66172e+10
 80 4.46899e+10 4.4808e+10 4.46712e+10 4.45727e+10 4.4776e+10 4.4665e+10 4.46712e+10 4.4692e+10 1.25412e+11
 100 5.77467e+10 5.78985e+10 5.77173e+10 5.75524e+10 5.78373e+10 5.76889e+10 5.76929e+10 5.77307e+10 1.81014e+11
 120 7.10537e+10 7.12364e+10 7.10103e+10 7.07636e+10 7.11305e+10 7.09489e+10 7.09477e+10 7.10087e+10 2.41207e+11
 140 8.51238e+10 8.53383e+10 8.50593e+10 8.47329e+10 8.51743e+10 8.49666e+10 8.49579e+10 8.50443e+10 3.04538e+11
 160 1.00186e+11 1.00437e+11 1.0009e+11 9.96985e+10 1.00198e+11 9.99762e+10 9.99577e+10 1.0007e+11 3.70157e+11
 180 1.16042e+11 1.16338e+11 1.15909e+11 1.15465e+11 1.16012e+11 1.15779e+11 1.15752e+11 1.1589e+11 4.37143e+11
 200 1.32354e+11 1.32703e+11 1.32186e+11 1.31693e+11 1.32288e+11 1.32036e+11 1.32006e+11 1.32169e+11 5.04525e+11
 200 1.32323e+11 1.32655e+11 1.32204e+11 1.31658e+11 1.32189e+11 1.32086e+11 1.31978e+11 1.32144e+11 5.04648e+11
 400 3.11193e+11 3.12398e+11 3.10997e+11 3.09384e+11 3.10751e+11 3.0998e+11 3.10038e+11 3.10635e+11 1.13476e+12
 600 5.03901e+11 5.06359e+11 5.0393e+11 5.011e+11 5.0399e+11 5.01538e+11 5.02209e+11 5.03217e+11 1.57231e+12
 800 7.02761e+11 7.06406e+11 7.0297e+11 6.97974e+11 7.02694e+11 6.98829e+11 6.99832e+11 7.01518e+11 1.7074e+12
 1000 9.04778e+11 9.09392e+11 9.0527e+11 8.97637e+11 9.03862e+11 8.98358e+11 8.99952e+11 9.02563e+11 1.57664e+12
 1200 1.10806e+12 1.11412e+12 1.10946e+12 1.09821e+12 1.10585e+12 1.09939e+12 1.10115e+12 1.10491e+12 1.34068e+12
 1400 1.31225e+12 1.31988e+12 1.31503e+12 1.29917e+12 1.30825e+12 1.30108e+12 1.30283e+12 1.30799e+12 1.14084e+12
 1600 1.51716e+12 1.52688e+12 1.52107e+12 1.50067e+12 1.51077e+12 1.50367e+12 1.50504e+12 1.5117e+12 1.04572e+12
 1800 1.72257e+12 1.73436e+12 1.7276e+12 1.70244e+12 1.71375e+12 1.70652e+12 1.70757e+12 1.71581e+12 1.06101e+12
 2000 1.92793e+12 1.94171e+12 1.93435e+12 1.90428e+12 1.91693e+12 1.90979e+12 1.91034e+12 1.92007e+12 1.14326e+12
 2000 1.93473e+12 1.95209e+12 1.93344e+12 1.90406e+12 1.91679e+12 1.91282e+12 1.91122e+12 1.92277e+12 1.1368e+12
 4000 3.97537e+12 4.02426e+12 4.00021e+12 3.94397e+12 3.94826e+12 3.96342e+12 3.95188e+12 3.97111e+12 1.3018e+12
 6000 6.00143e+12 6.0856e+12 6.07856e+12 5.99988e+12 5.97292e+12 6.01516e+12 5.99599e+12 6.01967e+12 1.37685e+12
 8000 8.02223e+12 8.14168e+12 8.15753e+12 8.05558e+12 7.99154e+12 8.10104e+12 8.04938e+12 8.07249e+12 1.47374e+12
 10000 1.00502e+13 1.02152e+13 1.02497e+13 1.01199e+13 1.00019e+13 1.02148e+13 1.01122e+13 1.0136e+13 1.54741e+12
 12000 1.20804e+13 1.22667e+13 1.23397e+13 1.21823e+13 1.20017e+13 1.23455e+13 1.21765e+13 1.21975e+13 1.62474e+12
 14000 1.41114e+13 1.43018e+13 1.44387e+13 1.42461e+13 1.39997e+13 1.45094e+13 1.42517e+13 1.42646e+13 1.71246e+12
 16000 1.61075e+13 1.63379e+13 1.65512e+13 1.62788e+13 1.60049e+13 1.66931e+13 1.63256e+13 1.63282e+13 1.79696e+12
 18000 1.81067e+13 1.83769e+13 1.86516e+13 1.83231e+13 1.79898e+13 1.88935e+13 1.84021e+13 1.83926e+13 1.86861e+12
 20000 2.00815e+13 2.04205e+13 2.07327e+13 2.03487e+13 1.99654e+13 2.10971e+13 2.04704e+13 2.04469e+13 1.94762e+12
 20000 2.02652e+13 2.05445e+13 2.06328e+13 2.03958e+13 1.98019e+13 2.11341e+13 2.04439e+13 2.04587e+13 1.91921e+12
 40000 4.01782e+13 4.15249e+13 4.19139e+13 4.11507e+13 3.95994e+13 4.27875e+13 4.11792e+13 4.11898e+13 2.75263e+12
 60000 6.08825e+13 6.25721e+13 6.3108e+13 6.2005e+13 5.97703e+13 6.29746e+13 6.15833e+13 6.1825e+13 3.55503e+12
 80000 8.20367e+13 8.41231e+13 8.46422e+13 8.26992e+13 8.00044e+13 8.29593e+13 8.18876e+13 8.25728e+13 4.36156e+12
 100000 1.03037e+14 1.05404e+14 1.0547e+14 1.03301e+14 1.00639e+14 1.04143e+14 1.02694e+14 1.03471e+14 5.15887e+12
 120000 1.24488e+14 1.27026e+14 1.26663e+14 1.24204e+14 1.21621e+14 1.2539e+14 1.23738e+14 1.24667e+14 5.99561e+12
 140000 1.46815e+14 1.49991e+14 1.48361e+14 1.45157e+14 1.42236e+14 1.46869e+14 1.44754e+14 1.46208e+14 6.81437e+12
 160000 1.70298e+14 1.72549e+14 1.69921e+14 1.66017e+14 1.63086e+14 1.68522e+14 1.65875e+14 1.67894e+14 7.60758e+12
 180000 1.93407e+14 1.94621e+14 1.90996e+14 1.86703e+14 1.83934e+14 1.90086e+14 1.86907e+14 1.89348e+14 8.41519e+12
 200000 2.17493e+14 2.17392e+14 2.12085e+14 2.07807e+14 2.04426e+14 2.11448e+14 2.07894e+14 2.10999e+14 9.34014e+12
 200000 2.22851e+14 2.35031e+14 2.24469e+14 1.98511e+14 2.017e+14 2.04812e+14 2.01674e+14 2.11985e+14 9.46835e+12
 400000 4.44886e+14 4.50248e+14 4.26131e+14 4.19718e+14 4.23051e+14 4.07567e+14 4.16779e+14 4.26236e+14 1.77661e+13
 600000 6.38713e+14 6.54702e+14 6.35291e+14 6.54204e+14 6.59444e+14 5.68939e+14 6.27529e+14 6.33678e+14 2.79554e+13
 800000 7.86322e+14 8.48567e+14 8.51697e+14 8.99258e+14 8.87356e+14 7.17133e+14 8.34582e+14 8.32294e+14 3.75358e+13
 1e+06 9.29498e+14 1.0444e+15 1.04001e+15 1.15094e+15 1.10094e+15 8.77562e+14 1.04315e+15 1.02774e+15 4.66499e+13
 1.2e+06 1.08267e+15 1.22006e+15 1.23008e+15 1.41689e+15 1.31719e+15 1.04552e+15 1.25987e+15 1.22696e+15 5.50174e+13
 1.4e+06 1.21985e+15 1.39874e+15 1.39645e+15 1.67085e+15 1.52296e+15 1.2086e+15 1.46747e+15 1.41582e+15 6.3567e+13
 1.6e+06 1.32276e+15 1.57427e+15 1.52606e+15 1.89314e+15 1.74863e+15 1.37149e+15 1.67108e+15 1.5924e+15 7.15242e+13
 1.8e+06 1.42215e+15 1.76881e+15 1.67127e+15 2.10609e+15 1.99928e+15 1.52722e+15 1.87753e+15 1.77482e+15 7.99442e+13
 2e+06 1.51349e+15 1.9637e+15 1.82378e+15 2.32705e+15 2.24513e+15 1.70614e+15 2.09277e+15 1.96246e+15 8.63447e+13
 2e+06 1.37326e+15 1.72098e+15 1.72441e+15 2.57542e+15 2.11605e+15 1.5248e+15 2.07209e+15 1.88574e+15 6.83865e+13
 4e+06 2.12622e+15 3.10103e+15 2.52059e+15 5.27115e+15 4.54718e+15 3.0036e+15 4.27398e+15 3.59743e+15 1.29458e+14
 6e+06 3.592e+15 4.68922e+15 3.45601e+15 7.67239e+15 6.43225e+15 4.42304e+15 6.17589e+15 5.2705e+15 2.03385e+14
 8e+06 5.0274e+15 6.58917e+15 4.4588e+15 8.85983e+15 7.58347e+15 6.12613e+15 7.52315e+15 6.65727e+15 2.4624e+14
 1e+07 6.16785e+15 7.99441e+15 5.38922e+15 9.6576e+15 8.91512e+15 7.78374e+15 8.78549e+15 7.87816e+15 3.14097e+14
 1.2e+07 7.19616e+15 9.36347e+15 5.69723e+15 9.82264e+15 1.11561e+16 9.54687e+15 1.01752e+16 9.07271e+15 3.78743e+14
 1.4e+07 7.8799e+15 9.52335e+15 5.29671e+15 1.04221e+16 1.31317e+16 1.2341e+16 1.19649e+16 1.02056e+16 4.77743e+14
 1.6e+07 8.33259e+15 1.04335e+16 4.84017e+15 1.08222e+16 1.46546e+16 1.56268e+16 1.37012e+16 1.13682e+16 5.57627e+14
 1.8e+07 8.41204e+15 1.07126e+16 4.57086e+15 1.15585e+16 1.67835e+16 1.83637e+16 1.55686e+16 1.25005e+16 6.38171e+14
 2e+07 8.73453e+15 1.14474e+16 4.02682e+15 1.14236e+16 1.97275e+16 2.12038e+16 1.74516e+16 1.36988e+16 6.89947e+14
 2e+07 1.38723e+16 5.6666e+15 5.72996e+15 1.76682e+16 2.60351e+16 1.34308e+16 1.90447e+16 1.4796e+16 3.76965e+14
 4e+07 8.51148e+15 5.5921e+15 3.68965e+15 2.89527e+16 4.4784e+16 5.69764e+16 4.3571e+16 2.85151e+16 3.15963e+14
 6e+07 1.25949e+16 1.18055e+16 1.30477e+15 3.02323e+16 6.38113e+16 1.32408e+17 7.5484e+16 4.87178e+16 6.58662e+14
 8e+07 1.55055e+16 9.96787e+15 1.02292e+16 4.85958e+16 9.23925e+16 2.00135e+17 1.13708e+17 7.2985e+16 1.0129e+15
 1e+08 4.5759e+15 3.25309e+14 7.34136e+15 4.17893e+16 1.63368e+17 2.43035e+17 1.49397e+17 9.12708e+16 3.40875e+14
