# Time-averaged data for fix TEAve
# TimeStep v_TotEn
100000 -10733.7
200000 -10733.9
300000 -10733.1
400000 -10735.4
500000 -10741.3
600000 -10732.7
700000 -10735.6
800000 -10737.9
900000 -10730.6
1000000 -10735.1
1100000 -10738.9
1200000 -10735.7
1300000 -10739.4
1400000 -10739.4
1500000 -10733.1
1600000 -10738.9
1700000 -10733.7
1800000 -10737.1
1900000 -10738.1
2000000 -10732.7
2100000 -10735.7
2200000 -10737.4
2300000 -10733
2400000 -10734.9
2500000 -10731.2
2600000 -10732.7
2700000 -10741.6
2800000 -10738.5
2900000 -10736.7
3000000 -10739.5
3100000 -10732.4
3200000 -10739
3300000 -10743.6
3400000 -10738.5
3500000 -10735.3
3600000 -10732.3
3700000 -10741.7
3800000 -10725.7
3900000 -10733.1
4000000 -10731
4100000 -10731.7
4200000 -10731.4
4300000 -10735.8
4400000 -10732.7
4500000 -10734.6
4600000 -10734.6
4700000 -10737.3
4800000 -10733
4900000 -10740.6
5000000 -10738.3
5100000 -10734
5200000 -10730.8
5300000 -10738.5
5400000 -10738.6
5500000 -10735.8
5600000 -10728.1
5700000 -10732.3
5800000 -10735.8
5900000 -10740.1
6000000 -10741.7
6100000 -10731.3
6200000 -10726.9
6300000 -10739.2
6400000 -10734.2
6500000 -10732.3
6600000 -10740.7
6700000 -10731.4
6800000 -10733.3
6900000 -10734
7000000 -10731.8
7100000 -10734
7200000 -10731.9
7300000 -10737.9
7400000 -10734.7
7500000 -10731.1
7600000 -10737.4
7700000 -10734.4
7800000 -10730.2
7900000 -10739.7
8000000 -10738.8
8100000 -10738.6
8200000 -10736.1
8300000 -10732.8
8400000 -10739.6
8500000 -10737.3
8600000 -10737.5
8700000 -10737.7
8800000 -10732.9
8900000 -10731.7
9000000 -10730.6
9100000 -10736.2
9200000 -10734
9300000 -10736.2
9400000 -10731.7
9500000 -10737.5
9600000 -10733.2
9700000 -10728.8
9800000 -10734.7
9900000 -10734.9
10000000 -10734.6
10100000 -10733.8
10200000 -10734.5
10300000 -10734.7
10400000 -10731
10500000 -10728.7
10600000 -10730.3
10700000 -10727.8
10800000 -10733
10900000 -10739.9
11000000 -10736.1
11100000 -10731.8
11200000 -10736.6
11300000 -10735
11400000 -10730.3
11500000 -10738.1
11600000 -10737.4
11700000 -10735
11800000 -10732.7
11900000 -10730.5
12000000 -10728.8
12100000 -10735.7
12200000 -10736.9
12300000 -10729.1
12400000 -10729.6
12500000 -10733.1
12600000 -10736.1
12700000 -10737.1
12800000 -10735.5
12900000 -10728.5
13000000 -10734.4
13100000 -10729.8
13200000 -10732.2
13300000 -10732.9
13400000 -10730.6
13500000 -10735.3
13600000 -10729.5
13700000 -10732
13800000 -10735.7
13900000 -10731.4
14000000 -10736.1
14100000 -10737.3
14200000 -10734.5
14300000 -10730.6
14400000 -10729.2
14500000 -10735.4
14600000 -10729.9
14700000 -10738
14800000 -10734
14900000 -10737
15000000 -10735.6
15100000 -10731.8
15200000 -10734
15300000 -10730.2
15400000 -10734.1
15500000 -10736.7
15600000 -10734.1
15700000 -10728.8
15800000 -10727.7
15900000 -10735.3
16000000 -10740.7
16100000 -10737.4
16200000 -10726.1
16300000 -10741
16400000 -10734.3
16500000 -10733.6
16600000 -10740.9
16700000 -10735.4
16800000 -10735.3
16900000 -10736.3
17000000 -10729.5
17100000 -10733.2
17200000 -10736.3
17300000 -10731.8
17400000 -10736.7
17500000 -10734.1
17600000 -10734
17700000 -10738.6
17800000 -10731.7
17900000 -10737.3
18000000 -10736.9
18100000 -10732.4
18200000 -10731.6
18300000 -10734
18400000 -10736
18500000 -10739.5
18600000 -10732.1
18700000 -10731.7
18800000 -10735.3
18900000 -10740.5
19000000 -10739.8
19100000 -10729
19200000 -10735.4
19300000 -10735.2
19400000 -10735.1
19500000 -10735
19600000 -10735.9
19700000 -10738.3
19800000 -10731.8
19900000 -10731.9
20000000 -10736.8
20100000 -10732.4
20200000 -10735.7
20300000 -10735.4
20400000 -10743.2
20500000 -10738.8
20600000 -10740.4
20700000 -10734.4
20800000 -10734.4
20900000 -10737.1
21000000 -10728.9
21100000 -10738.3
21200000 -10731.5
21300000 -10743.5
21400000 -10736.3
21500000 -10737
21600000 -10737.7
21700000 -10738.6
21800000 -10733.7
21900000 -10733.5
22000000 -10733
22100000 -10739.2
22200000 -10730.5
22300000 -10734.2
22400000 -10731.8
22500000 -10732.5
22600000 -10738.5
22700000 -10737.8
22800000 -10735.4
22900000 -10732.2
23000000 -10736.9
23100000 -10727
23200000 -10733.5
23300000 -10734.5
23400000 -10738.7
23500000 -10732.6
23600000 -10731.7
23700000 -10733.2
23800000 -10742
23900000 -10731.4
24000000 -10732.9
24100000 -10737
24200000 -10734.4
24300000 -10737.1
24400000 -10738.1
24500000 -10734.7
24600000 -10728.6
24700000 -10736.4
24800000 -10744.3
24900000 -10738.8
25000000 -10735.9
25100000 -10737.2
25200000 -10736.5
25300000 -10736.1
25400000 -10735.2
25500000 -10736.6
25600000 -10734.4
25700000 -10732.4
25800000 -10732.2
25900000 -10740.3
26000000 -10738.8
26100000 -10737.9
26200000 -10738.9
26300000 -10731
26400000 -10733.8
26500000 -10727.5
26600000 -10736.2
26700000 -10730.1
26800000 -10730.9
26900000 -10733
27000000 -10735.2
27100000 -10731.3
27200000 -10740.9
27300000 -10726.7
27400000 -10737.9
27500000 -10731.9
27600000 -10737.7
27700000 -10736.1
27800000 -10731
27900000 -10736.5
28000000 -10736.8
28100000 -10740.5
28200000 -10735.2
28300000 -10726.2
28400000 -10738.9
28500000 -10736.6
28600000 -10734.3
28700000 -10727.1
28800000 -10737.3
28900000 -10739.7
29000000 -10733.4
29100000 -10733.4
29200000 -10732
29300000 -10734.4
29400000 -10734.7
29500000 -10735.8
29600000 -10740.1
29700000 -10739.7
29800000 -10731
29900000 -10737.1
30000000 -10736.4
