# Radius 	finiterdf__O_Water_O_Water	rdf__O_Water_O_Water	finiterdf__O_Water_H_Water	rdf__O_Water_H_Water	finiterdf__H_Water_H_Water	rdf__H_Water_H_Water	
0.0102382 0	0	0	0	0	0	
0.0307146 0	0	0	0	0	0	
0.051191 0	0	0	0	0	0	
0.0716674 0	0	0	0	0	0	
0.0921438 0	0	0	0	0	0	
0.11262 0	0	0	0	0	0	
0.133097 0	0	0	0	0	0	
0.153573 0	0	0	0	0	0	
0.174049 0	0	0	0	0	0	
0.194526 0	0	0	0	0	0	
0.215002 0	0	0	0	0	0	
0.235479 0	0	0	0	0	0	
0.255955 0	0	0	0	0	0	
0.276431 0	0	0	0	0	0	
0.296908 0	0	0	0	0	0	
0.317384 0	0	0	0	0	0	
0.337861 0	0	0	0	0	0	
0.358337 0	0	0	0	0	0	
0.378813 0	0	0	0	0	0	
0.39929 0	0	0	0	0	0	
0.419766 0	0	0	0	0	0	
0.440242 0	0	0	0	0	0	
0.460719 0	0	0	0	0	0	
0.481195 0	0	0	0	0	0	
0.501672 0	0	0	0	0	0	
0.522148 0	0	0	0	0	0	
0.542624 0	0	0	0	0	0	
0.563101 0	0	0	0	0	0	
0.583577 0	0	0	0	0	0	
0.604054 0	0	0	0	0	0	
0.62453 0	0	0	0	0	0	
0.645006 0	0	0	0	0	0	
0.665483 0	0	0	0	0	0	
0.685959 0	0	0	0	0	0	
0.706436 0	0	0	0	0	0	
0.726912 0	0	0	0	0	0	
0.747388 0	0	0	0	0	0	
0.767865 0	0	0	0	0	0	
0.788341 0	0	0	0	0	0	
0.808818 0	0	0	0	0	0	
0.829294 0	0	0	0	0	0	
0.84977 0	0	0	0	0	0	
0.870247 0	0	0	0	0	0	
0.890723 0	0	0	0	0	0	
0.9112 0	0	0	0	0	0	
0.931676 0	0	0	0	0	0	
0.952152 0	0	0	0	0	0	
0.972629 0	0	0	0	0	0	
0.993105 0	0	119.604	119.733	0	0	
1.01358 0	0	0	0	0	0	
1.03406 0	0	0	0	0	0	
1.05453 0	0	0	0	0	0	
1.07501 0	0	0	0	0	0	
1.09549 0	0	0	0	0	0	
1.11596 0	0	0	0	0	0	
1.13644 0	0	0	0	0	0	
1.15692 0	0	0	0	0	0	
1.17739 0	0	0	0	0	0	
1.19787 0	0	0	0	0	0	
1.21835 0	0	0	0	0	0	
1.23882 0	0	0	0	9.60784e-07	9.61062e-07	
1.2593 0	0	0	0	9.29794e-07	9.30047e-07	
1.27977 0	0	0	0	0	0	
1.30025 0	0	0	0	8.72148e-06	8.72354e-06	
1.32073 0	0	0	0	7.60783e-06	7.60949e-06	
1.3412 0	0	0	0	1.6394e-05	1.63973e-05	
1.36168 0	0	1.59047e-06	1.59175e-06	3.33998e-05	3.34058e-05	
1.38216 0	0	1.0034e-05	1.00419e-05	6.48351e-05	6.48454e-05	
1.40263 0	0	6.82023e-05	6.82544e-05	0.000119167	0.000119183	
1.42311 0	0	0.000353111	0.000353373	0.000191481	0.000191503	
1.44359 0	0	0.00151629	0.00151739	0.000307079	0.000307109	
1.46406 0	0	0.0050272	0.00503071	0.000570272	0.000570313	
1.48454 0	0	0.0145025	0.0145123	0.000957422	0.000957468	
1.50501 0	0	0.0352315	0.0352545	0.00154867	0.00154871	
1.52549 0	0	0.0747517	0.0747987	0.00235326	0.00235326	
1.54597 0	0	0.141739	0.141825	0.0036591	0.00365901	
1.56644 0	0	0.243463	0.243606	0.00560239	0.0056021	
1.58692 0	0	0.379363	0.379579	0.00812869	0.00812806	
1.6074 0	0	0.547705	0.548011	0.0117962	0.011795	
1.62787 0	0	0.737519	0.737925	22.274	22.285	
1.64835 0	0	0.935499	0.936013	0.0231293	0.0231401	
1.66883 0	0	1.12332	1.12394	0.0312429	0.0312566	
1.6893 0	0	1.29201	1.29274	0.0416869	0.0417039	
1.70978 0	0	1.42472	1.42554	0.0546342	0.0546549	
1.73026 0	0	1.52142	1.52232	0.0703803	0.0704049	
1.75073 0	0	1.57616	1.57713	0.0892868	0.0893153	
1.77121 0	0	1.59161	1.59261	0.112332	0.112364	
1.79168 0	0	1.57173	1.57275	0.138589	0.138625	
1.81216 0	0	1.52384	1.52485	0.16805	0.168089	
1.83264 0	0	1.45478	1.45577	0.201992	0.202033	
1.85311 0	0	1.3718	1.37275	0.239329	0.239371	
1.87359 0	0	1.27831	1.27922	0.280958	0.281	
1.89407 0	0	1.18135	1.1822	0.326551	0.326591	
1.91454 0	0	1.08398	1.08476	0.374649	0.374686	
1.93502 0	0	0.988963	0.989673	0.426667	0.4267	
1.9555 0	0	0.898128	0.898769	0.479951	0.479977	
1.97597 0	0	0.814075	0.81465	0.535565	0.535584	
1.99645 0	0	0.7368	0.737312	0.594974	0.594985	
2.01692 0	0	0.665155	0.665608	0.652963	0.652965	
2.0374 0	0	0.600891	0.601289	0.713415	0.713408	
2.05788 0	0	0.543471	0.54382	0.773747	0.773732	
2.07835 0	0	0.491897	0.492201	0.832193	0.832171	
2.09883 0	0	0.44686	0.447125	0.891367	0.891338	
2.11931 0	0	0.407649	0.40788	0.947074	0.947041	
2.13978 0	0	0.37141	0.371608	1.00188	1.00184	
2.16026 0	0	0.340258	0.340429	1.05603	1.056	
2.18074 0	0	0.313762	0.313909	1.10453	1.1045	
2.20121 0	0	0.290119	0.290244	1.14993	1.14991	
2.22169 0	0	0.269482	0.269587	1.19248	1.19247	
2.24217 0	0	0.252267	0.252356	1.23087	1.23088	
2.26264 0	0	0.236804	0.236878	1.26241	1.26243	
2.28312 0	0	0.224075	0.224135	1.29032	1.29037	
2.30359 0	0	0.21382	0.213868	1.31489	1.31496	
2.32407 0	0	0.205652	0.205689	1.33294	1.33303	
2.34455 1.07298e-06	1.07191e-06	0.198871	0.198898	1.34642	1.34654	
2.36502 6.3269e-06	6.32018e-06	0.193713	0.193729	1.35389	1.35404	
2.3855 5.59688e-05	5.59059e-05	0.190854	0.19086	1.35623	1.35641	
2.40598 0.000369858	0.00036942	0.189302	0.189299	1.35262	1.35283	
2.42645 0.00161585	0.00161384	0.189435	0.189422	1.34362	1.34386	
2.44693 0.0062227	0.00621455	0.191771	0.191749	1.3298	1.33006	
2.46741 0.0194407	0.019414	0.195562	0.195529	1.31112	1.3114	
2.48788 0.0516515	0.0515773	0.200528	0.200483	1.28889	1.2892	
2.50836 0.117068	0.116893	0.208426	0.208369	1.26243	1.26275	
2.52883 0.234957	0.234593	0.218457	0.218385	1.232	1.23234	
2.54931 0.420955	0.420287	0.229572	0.229484	1.19898	1.19932	
2.56979 0.681423	0.680327	0.243273	0.243167	1.16343	1.16378	
2.59026 1.00863	1.00701	0.259495	0.259368	1.12617	1.12652	
2.61074 1.38693	1.38474	0.277557	0.277407	1.08767	1.08801	
2.63122 1.78497	1.78225	0.29794	0.297764	1.04875	1.04908	
2.65169 2.16641	2.1633	0.321037	0.320831	1.01009	1.0104	
2.67217 2.50068	2.49737	0.346829	0.34659	0.973099	0.973404	
2.69265 2.76485	2.76157	0.374891	0.374613	0.935677	0.935965	
2.71312 2.94804	2.94498	0.404662	0.404344	0.901464	0.901735	
2.7336 3.04659	3.04393	0.437473	0.43711	0.869685	0.869937	
2.75408 3.06432	3.06216	0.4724	0.471988	0.839356	0.839589	
2.77455 3.01275	3.01111	0.509382	0.508917	0.81272	0.812933	
2.79503 2.90576	2.90465	0.550399	0.549876	0.78928	0.789474	
2.8155 2.7607	2.76005	0.592388	0.591804	0.768665	0.768838	
2.83598 2.59169	2.59143	0.637077	0.636429	0.750879	0.751032	
2.85646 2.41246	2.41252	0.684676	0.683961	0.736452	0.736585	
2.87693 2.22628	2.22657	0.735422	0.734637	0.724586	0.724699	
2.89741 2.05009	2.05055	0.788393	0.787537	0.714862	0.714956	
2.91789 1.87983	1.8804	0.844712	0.843783	0.70874	0.708815	
2.93836 1.72257	1.72321	0.902973	0.901971	0.704044	0.704099	
2.95884 1.58325	1.58392	0.964474	0.963401	0.702274	0.702309	
2.97932 1.45833	1.45901	1.02641	1.02527	0.70123	0.701245	
2.99979 1.34706	1.34774	1.09081	1.08961	0.703374	0.703369	
3.02027 1.24965	1.25031	1.1542	1.15294	0.705688	0.705663	
3.04074 1.16771	1.16835	1.21654	1.21524	0.710027	0.709982	
3.06122 1.09958	1.10019	1.27614	1.27482	0.715782	0.715716	
3.0817 1.03931	1.03989	1.33249	1.33115	0.722879	0.722792	
3.10217 0.988137	0.988686	1.38473	1.38339	0.730144	0.730036	
3.12265 0.946135	0.946656	1.43171	1.43039	0.739744	0.739614	
3.14313 0.912933	0.913427	1.47084	1.46956	0.748643	0.748492	
3.1636 0.886406	0.886875	1.50242	1.50119	0.75981	0.759637	
3.18408 0.861421	0.861864	1.52822	1.52706	0.770301	0.770107	
3.20456 0.843482	0.843902	1.54621	1.54513	0.781915	0.781699	
3.22503 0.829736	0.830133	1.55688	1.55588	0.79469	0.794453	
3.24551 0.819035	0.819411	1.56197	1.56107	0.8067	0.806441	
3.26598 0.811348	0.811703	1.55984	1.55904	0.820496	0.820216	
3.28646 0.806441	0.806776	1.55366	1.55297	0.833499	0.8332	
3.30694 0.802027	0.802341	1.54163	1.54104	0.847776	0.847456	
3.32741 0.800036	0.80033	1.52641	1.52592	0.862499	0.862159	
3.34789 0.799137	0.799411	1.50906	1.50867	0.87733	0.876971	
3.36837 0.800484	0.80074	1.48782	1.48751	0.892746	0.89237	
3.38884 0.800478	0.800714	1.46555	1.46534	0.906989	0.906597	
3.40932 0.804414	0.804632	1.44128	1.44115	0.922446	0.922038	
3.4298 0.806116	0.806314	1.4171	1.41704	0.936469	0.936047	
3.45027 0.810985	0.811165	1.3923	1.39232	0.95249	0.952055	
3.47075 0.815272	0.815435	1.3674	1.36747	0.968541	0.968095	
3.49123 0.819806	0.81995	1.34105	1.34119	0.983592	0.983137	
3.5117 0.82456	0.824685	1.31628	1.31647	0.998299	0.997836	
3.53218 0.829633	0.829741	1.29068	1.29091	1.01224	1.01177	
3.55265 0.835956	0.836046	1.26666	1.26694	1.02745	1.02698	
3.57313 0.84048	0.840552	1.24051	1.24082	1.04112	1.04065	
3.59361 0.847458	0.847513	1.21781	1.21815	1.05532	1.05485	
3.61408 0.85402	0.854058	1.194	1.19436	1.06861	1.06814	
3.63456 0.86043	0.860451	1.17131	1.1717	1.08151	1.08105	
3.65504 0.867419	0.867424	1.15006	1.15046	1.09341	1.09296	
3.67551 0.873491	0.87348	1.12979	1.13021	1.10531	1.10487	
3.69599 0.880184	0.880158	1.11046	1.11089	1.11554	1.11511	
3.71647 0.885733	0.885691	1.09297	1.09341	1.12556	1.12516	
3.73694 0.893507	0.893451	1.07649	1.07693	1.13452	1.13413	
3.75742 0.900888	0.900819	1.06175	1.0622	1.14275	1.14239	
3.77789 0.909196	0.909113	1.04787	1.04832	1.14949	1.14915	
3.79837 0.914252	0.914156	1.03602	1.03647	1.15586	1.15555	
3.81885 0.923854	0.923746	1.02503	1.02548	1.16084	1.16055	
3.83932 0.929878	0.929759	1.01617	1.01662	1.16453	1.16427	
3.8598 0.937106	0.936977	1.00795	1.0084	1.16615	1.16593	
3.88028 0.944896	0.944758	1.00087	1.00132	1.16758	1.16738	
3.90075 0.953665	0.953518	0.994784	0.995225	1.16754	1.16737	
3.92123 0.961523	0.961369	0.989914	0.990351	1.16543	1.1653	
3.94171 0.970031	0.96987	0.985893	0.986326	1.16432	1.16422	
3.96218 0.97747	0.977304	0.982471	0.9829	1.16022	1.16015	
3.98266 0.983728	0.983559	0.980231	0.980656	1.15588	1.15584	
4.00314 0.992882	0.99271	0.977972	0.978392	1.14954	1.14953	
4.02361 0.999941	0.999767	0.975471	0.975886	1.14306	1.14308	
4.04409 1.00722	1.00705	0.97469	0.9751	1.1355	1.13555	
4.06456 1.01504	1.01487	0.973107	0.973511	1.12738	1.12745	
4.08504 1.02206	1.02189	0.971518	0.971917	1.11956	1.11966	
4.10552 1.03108	1.03092	0.971316	0.971711	1.11156	1.11167	
4.12599 1.03701	1.03685	0.970039	0.970427	1.10293	1.10307	
4.14647 1.04505	1.0449	0.969784	0.970167	1.09444	1.0946	
4.16695 1.05148	1.05134	0.968929	0.969306	1.08654	1.08671	
4.18742 1.05891	1.05878	0.968884	0.969255	1.07948	1.07967	
4.2079 1.06452	1.0644	0.96825	0.968616	1.07213	1.07233	
4.22838 1.06997	1.06987	0.968177	0.968536	1.06596	1.06618	
4.24885 1.07507	1.07498	0.967935	0.968289	1.0598	1.06002	
4.26933 1.08001	1.07994	0.966736	0.967083	1.0547	1.05493	
4.2898 1.08575	1.08569	0.966264	0.966604	1.04982	1.05007	
4.31028 1.09059	1.09056	0.965672	0.966006	1.04557	1.04583	
4.33076 1.09466	1.09464	0.964572	0.964899	1.04203	1.04229	
4.35123 1.0981	1.09811	0.96352	0.963839	1.03909	1.03936	
4.37171 1.10225	1.10228	0.962789	0.963101	1.03615	1.03643	
4.39219 1.103	1.10305	0.961377	0.96168	1.03444	1.03473	
4.41266 1.10597	1.10605	0.961362	0.961658	1.03311	1.0334	
4.43314 1.10884	1.10894	0.960571	0.960858	1.03029	1.03058	
4.45362 1.11016	1.11029	0.959922	0.960201	1.0299	1.03021	
4.47409 1.11123	1.11139	0.959424	0.959695	1.02817	1.02848	
4.49457 1.11211	1.1123	0.958364	0.958626	1.02774	1.02806	
4.51504 1.11214	1.11235	0.957878	0.958131	1.02688	1.0272	
4.53552 1.11083	1.11106	0.957645	0.957888	1.0256	1.02593	
4.556 1.11158	1.11184	0.957717	0.957952	1.02493	1.02526	
4.57647 1.11022	1.11052	0.957459	0.957685	1.02459	1.02493	
4.59695 1.10908	1.1094	0.956951	0.957167	1.02293	1.02327	
4.61743 1.10733	1.10768	0.957757	0.957964	1.02244	1.02279	
4.6379 1.10459	1.10496	0.95833	0.958528	1.0219	1.02225	
4.65838 1.10295	1.10335	0.958583	0.958772	1.02015	1.0205	
4.67886 1.09989	1.10031	0.959371	0.959551	1.01968	1.02004	
4.69933 1.09798	1.09843	0.960666	0.960837	1.0182	1.01856	
4.71981 1.09237	1.09284	0.961688	0.961851	1.01718	1.01754	
4.74029 1.08982	1.09032	0.962607	0.962761	1.01475	1.01512	
4.76076 1.08654	1.08706	0.964625	0.964771	1.0131	1.01347	
4.78124 1.08154	1.08208	0.965997	0.966135	1.01163	1.012	
4.80171 1.07786	1.07841	0.967858	0.967989	1.0099	1.01028	
4.82219 1.07472	1.0753	0.969929	0.970053	1.00805	1.00843	
4.84267 1.06932	1.06991	0.97218	0.972297	1.00635	1.00673	
4.86314 1.06518	1.06579	0.97461	0.974721	1.00342	1.0038	
4.88362 1.06048	1.0611	0.976137	0.976242	1.00128	1.00166	
4.9041 1.05486	1.05549	0.978356	0.978456	0.999314	0.999693	
4.92457 1.04984	1.05048	0.9814	0.981495	0.996595	0.996972	
4.94505 1.04462	1.04527	0.983381	0.983472	0.993673	0.994047	
4.96553 1.04025	1.04091	0.985726	0.985813	0.991969	0.99234	
4.986 1.03533	1.036	0.988444	0.988529	0.989402	0.98977	
5.00648 1.03004	1.03072	0.990659	0.990742	0.987107	0.98747	
5.02695 1.02542	1.02609	0.993657	0.993738	0.984393	0.984752	
5.04743 1.01943	1.0201	0.995707	0.995787	0.982166	0.982519	
5.06791 1.01508	1.01576	0.997652	0.997732	0.979607	0.979954	
5.08838 1.00909	1.00977	1.0003	1.00038	0.977465	0.977805	
5.10886 1.0041	1.00477	1.00223	1.00231	0.975094	0.975426	
5.12934 0.999563	1.00024	1.00479	1.00487	0.973666	0.97399	
5.14981 0.99439	0.995059	1.00653	1.00661	0.97176	0.972076	
5.17029 0.989674	0.990337	1.00815	1.00824	0.969586	0.969893	
5.19077 0.983705	0.98436	1.01035	1.01044	0.968229	0.968526	
5.21124 0.978134	0.978778	1.01258	1.01267	0.966856	0.967144	
5.23172 0.97399	0.974624	1.01363	1.01373	0.965787	0.966064	
5.2522 0.968604	0.969226	1.01526	1.01536	0.964229	0.964496	
5.27267 0.964696	0.965306	1.01649	1.0166	0.963503	0.96376	
5.29315 0.96039	0.960985	1.01726	1.01737	0.962351	0.962596	
5.31362 0.95514	0.955719	1.0183	1.01842	0.962039	0.962272	
5.3341 0.950715	0.951277	1.01934	1.01946	0.96108	0.961302	
5.35458 0.946148	0.946692	1.01994	1.02007	0.96095	0.96116	
5.37505 0.94134	0.941864	1.02083	1.02097	0.960608	0.960806	
5.39553 0.937714	0.938217	1.021	1.02114	0.961053	0.96124	
5.41601 0.932545	0.933026	1.02137	1.02152	0.96098	0.961154	
5.43648 0.928419	0.928876	1.02096	1.02112	0.961461	0.961624	
5.45696 0.92497	0.925403	1.02063	1.02079	0.96227	0.962421	
5.47744 0.921573	0.92198	1.02088	1.02105	0.962553	0.962693	
5.49791 0.918438	0.91882	1.02026	1.02044	0.963911	0.96404	
5.51839 0.915329	0.915683	1.01973	1.01992	0.964106	0.964223	
5.53886 0.91295	0.913277	1.01916	1.01935	0.965892	0.965998	
5.55934 0.910015	0.910313	1.01869	1.01889	0.966682	0.966777	
5.57982 0.907773	0.908043	1.01716	1.01737	0.968058	0.968143	
5.60029 0.907081	0.907322	1.01625	1.01646	0.969867	0.969942	
5.62077 0.905229	0.90544	1.01537	1.01559	0.971063	0.971129	
5.64125 0.904869	0.90505	1.01342	1.01364	0.972237	0.972293	
5.66172 0.904668	0.904818	1.01192	1.01214	0.973964	0.974011	
5.6822 0.905304	0.905424	1.01035	1.01058	0.975928	0.975967	
5.70268 0.905419	0.905509	1.00885	1.00908	0.977563	0.977595	
5.72315 0.906449	0.906508	1.00704	1.00727	0.979538	0.979562	
5.74363 0.907986	0.908015	1.00515	1.00538	0.980899	0.980917	
5.76411 0.908707	0.908706	1.00281	1.00305	0.982935	0.982947	
5.78458 0.91151	0.91148	1.00094	1.00118	0.984553	0.984559	
5.80506 0.91311	0.91305	0.998636	0.998872	0.986509	0.98651	
5.82553 0.915932	0.915844	0.996671	0.996905	0.987901	0.987897	
5.84601 0.918037	0.91792	0.994453	0.994684	0.989576	0.989569	
5.86649 0.921121	0.920976	0.992018	0.992245	0.991324	0.991314	
5.88696 0.924262	0.92409	0.989986	0.99021	0.993011	0.992998	
5.90744 0.927396	0.927197	0.987939	0.988157	0.99456	0.994545	
5.92792 0.931327	0.931103	0.98572	0.985932	0.995283	0.995266	
5.94839 0.935194	0.934945	0.983729	0.983935	0.997014	0.996996	
5.96887 0.938572	0.938299	0.982181	0.98238	0.998199	0.99818	
5.98935 0.942145	0.94185	0.979522	0.979712	0.999275	0.999256	
6.00982 0.946182	0.945865	0.978145	0.978327	1.00026	1.00025	
6.0303 0.950055	0.949718	0.97647	0.976643	1.00139	1.00137	
6.05077 0.954111	0.953754	0.974832	0.974994	1.00211	1.00209	
6.07125 0.957563	0.957189	0.974089	0.974241	1.00281	1.00279	
6.09173 0.961431	0.96104	0.972391	0.972531	1.00361	1.00359	
6.1122 0.964721	0.964314	0.971744	0.971874	1.00424	1.00423	
6.13268 0.968763	0.968342	0.970296	0.970413	1.00463	1.00462	
6.15316 0.97249	0.972056	0.969769	0.969875	1.00498	1.00497	
6.17363 0.976623	0.976177	0.969007	0.9691	1.00549	1.00549	
6.19411 0.98089	0.980434	0.968639	0.968719	1.00557	1.00557	
6.21459 0.984594	0.984129	0.967971	0.968037	1.00579	1.00579	
6.23506 0.987651	0.98718	0.96795	0.968003	1.00579	1.00579	
6.25554 0.990597	0.99012	0.96811	0.96815	1.00541	1.00541	
6.27601 0.993787	0.993306	0.967862	0.967888	1.00549	1.00549	
6.29649 0.997555	0.997071	0.967956	0.967969	1.00549	1.0055	
6.31697 1.00046	0.999973	0.968292	0.968291	1.00502	1.00503	
6.33744 1.00445	1.00397	0.968753	0.968739	1.00471	1.00472	
6.35792 1.00739	1.0069	0.969559	0.969531	1.00434	1.00436	
6.3784 1.00938	1.0089	0.970288	0.970247	1.00425	1.00426	
6.39887 1.01255	1.01208	0.970885	0.970831	1.00399	1.00401	
6.41935 1.01557	1.0151	0.971698	0.971632	1.00308	1.0031	
6.43983 1.01869	1.01823	0.972927	0.972849	1.00265	1.00267	
6.4603 1.02144	1.02098	0.973619	0.973529	1.00239	1.00241	
6.48078 1.0234	1.02296	0.974931	0.974829	1.00207	1.00209	
6.50126 1.02447	1.02403	0.976121	0.976007	1.00135	1.00137	
6.52173 1.02743	1.02701	0.977283	0.977159	1.00095	1.00097	
6.54221 1.02967	1.02926	0.978787	0.978653	1.00021	1.00024	
6.56268 1.03085	1.03046	0.979679	0.979535	1.00024	1.00027	
6.58316 1.03323	1.03286	0.981307	0.981154	0.999599	0.999623	
6.60364 1.03492	1.03456	0.982737	0.982576	0.999246	0.999269	
6.62411 1.03629	1.03595	0.984115	0.983946	0.998764	0.998786	
6.64459 1.03747	1.03715	0.985388	0.985211	0.998241	0.998262	
6.66507 1.03879	1.03848	0.987227	0.987043	0.998067	0.998088	
6.68554 1.03975	1.03946	0.98849	0.9883	0.99801	0.99803	
6.70602 1.04017	1.03991	0.989735	0.98954	0.997723	0.997741	
6.7265 1.04158	1.04134	0.99162	0.991421	0.997471	0.997488	
6.74697 1.04239	1.04216	0.993241	0.993037	0.997324	0.99734	
6.76745 1.04311	1.04291	0.994677	0.99447	0.997281	0.997295	
6.78792 1.04269	1.04251	0.995956	0.995746	0.996953	0.996965	
6.8084 1.04331	1.04316	0.997239	0.997028	0.996801	0.996812	
6.82888 1.04327	1.04314	0.998735	0.998523	0.997174	0.997184	
6.84935 1.04356	1.04345	1.00036	1.00015	0.997048	0.997056	
6.86983 1.04342	1.04334	1.00169	1.00148	0.997128	0.997135	
6.89031 1.04321	1.04315	1.00289	1.00268	0.99716	0.997165	
6.91078 1.04287	1.04284	1.00407	1.00386	0.997445	0.997449	
6.93126 1.04195	1.04194	1.00581	1.00561	0.997331	0.997333	
6.95174 1.04126	1.04128	1.00681	1.00661	0.997301	0.997301	
6.97221 1.04042	1.04046	1.00814	1.00794	0.99779	0.997789	
6.99269 1.03973	1.03979	1.00918	1.00899	0.998005	0.998004	
7.01317 1.03927	1.03935	1.01042	1.01023	0.998221	0.998218	
7.03364 1.03829	1.0384	1.01155	1.01137	0.998493	0.99849	
7.05412 1.03679	1.03691	1.01235	1.01218	0.998471	0.998467	
7.07459 1.03545	1.03559	1.01349	1.01333	0.998869	0.998864	
7.09507 1.03424	1.0344	1.01454	1.01438	0.998988	0.998983	
7.11555 1.03316	1.03335	1.01492	1.01477	0.999151	0.999145	
7.13602 1.03185	1.03205	1.01578	1.01563	0.999223	0.999216	
7.1565 1.03	1.03022	1.01647	1.01634	0.999943	0.999937	
7.17698 1.02883	1.02907	1.01763	1.01751	1	0.999999	
7.19745 1.02683	1.02709	1.01824	1.01813	1.00028	1.00027	
7.21793 1.0252	1.02547	1.01885	1.01875	1.00079	1.00078	
7.23841 1.02439	1.02467	1.01938	1.01929	1.00091	1.00091	
7.25888 1.02224	1.02254	1.02018	1.0201	1.00096	1.00095	
7.27936 1.02076	1.02107	1.02039	1.02033	1.00159	1.00158	
7.29983 1.01842	1.01874	1.02034	1.02029	1.00157	1.00157	
7.32031 1.01702	1.01736	1.021	1.02096	1.00186	1.00186	
7.34079 1.01557	1.01591	1.02137	1.02134	1.00255	1.00255	
7.36126 1.01346	1.01381	1.02156	1.02155	1.00245	1.00246	
7.38174 1.01277	1.01312	1.02178	1.02178	1.00275	1.00275	
7.40222 1.01109	1.01146	1.02164	1.02166	1.00286	1.00286	
7.42269 1.00869	1.00906	1.02174	1.02177	1.00299	1.003	
7.44317 1.00762	1.00799	1.02174	1.02178	1.00344	1.00345	
7.46365 1.00597	1.00635	1.02151	1.02157	1.00395	1.00397	
7.48412 1.00455	1.00493	1.02135	1.02143	1.00372	1.00374	
7.5046 1.00309	1.00347	1.02109	1.02118	1.00393	1.00395	
7.52507 1.00235	1.00273	1.02082	1.02092	1.0041	1.00412	
7.54555 1.00032	1.0007	1.02085	1.02097	1.00471	1.00473	
7.56603 0.999521	0.999902	1.02013	1.02026	1.00467	1.00469	
7.5865 0.998129	0.998509	1.01978	1.01992	1.0049	1.00492	
7.60698 0.997139	0.997518	1.01971	1.01986	1.00532	1.00535	
7.62746 0.995769	0.996144	1.01867	1.01884	1.00539	1.00542	
7.64793 0.994278	0.994649	1.01848	1.01865	1.00548	1.00552	
7.66841 0.994037	0.994404	1.01785	1.01804	1.00541	1.00545	
7.68889 0.993224	0.993587	1.01715	1.01735	1.00593	1.00598	
7.70936 0.992075	0.992432	1.01682	1.01703	1.00599	1.00604	
7.72984 0.990659	0.991009	1.01535	1.01557	1.00579	1.00584	
7.75032 0.989881	0.990224	1.01478	1.01501	1.00623	1.00629	
7.77079 0.989684	0.99002	1.01415	1.01439	1.00661	1.00667	
7.79127 0.98819	0.988518	1.01312	1.01338	1.00643	1.0065	
7.81174 0.988889	0.98921	1.01265	1.01292	1.00641	1.00648	
7.83222 0.987677	0.987989	1.01171	1.01199	1.00662	1.0067	
7.8527 0.987157	0.98746	1.01078	1.01106	1.00687	1.00696	
7.87317 0.987254	0.987548	1.00988	1.01017	1.00675	1.00684	
7.89365 0.987022	0.987307	1.00911	1.0094	1.00692	1.00702	
7.91413 0.986327	0.986602	1.00819	1.00849	1.00674	1.00684	
7.9346 0.986378	0.986644	1.00721	1.00751	1.00681	1.00692	
7.95508 0.986391	0.986647	1.0065	1.00681	1.00664	1.00675	
7.97556 0.986236	0.986482	1.00548	1.0058	1.00669	1.0068	
7.99603 0.986079	0.986315	1.0044	1.00472	1.0068	1.00692	
8.01651 0.986406	0.986632	1.00327	1.00359	1.00701	1.00713	
8.03698 0.98626	0.986476	1.00298	1.0033	1.00658	1.00671	
8.05746 0.986631	0.986837	1.00179	1.00211	1.00653	1.00667	
8.07794 0.986668	0.986865	1.00098	1.0013	1.00624	1.00637	
8.09841 0.987116	0.987303	1.00029	1.00061	1.00638	1.00652	
8.11889 0.987177	0.987355	0.999287	0.99961	1.00628	1.00643	
8.13937 0.987213	0.987381	0.998489	0.998811	1.00596	1.00612	
8.15984 0.987671	0.98783	0.997544	0.997864	1.0057	1.00586	
8.18032 0.987799	0.987948	0.996868	0.997186	1.00567	1.00583	
8.2008 0.988343	0.988483	0.996318	0.996633	1.00548	1.00565	
8.22127 0.988811	0.988943	0.995413	0.995725	1.00524	1.00541	
8.24175 0.989328	0.989451	0.994588	0.994895	1.00503	1.0052	
8.26223 0.989696	0.989811	0.994469	0.994772	1.00477	1.00495	
8.2827 0.990254	0.990362	0.993413	0.99371	1.00473	1.00492	
8.30318 0.990595	0.990696	0.993283	0.993575	1.00422	1.00441	
8.32365 0.990521	0.990614	0.992277	0.992563	1.0039	1.00409	
8.34413 0.991319	0.991405	0.991802	0.992082	1.00371	1.00391	
8.36461 0.992062	0.992141	0.991677	0.99195	1.00333	1.00352	
8.38508 0.992585	0.992658	0.991339	0.991605	1.00314	1.00334	
8.40556 0.993449	0.993517	0.990429	0.990687	1.00268	1.00288	
8.42604 0.993559	0.993622	0.990546	0.990797	1.00265	1.00285	
8.44651 0.993899	0.993957	0.990269	0.990511	1.00194	1.00214	
8.46699 0.994144	0.994197	0.989949	0.990183	1.00191	1.00212	
8.48747 0.995673	0.995722	0.989779	0.990005	1.00143	1.00164	
8.50794 0.996051	0.996097	0.989405	0.989622	1.00108	1.00129	
8.52842 0.995938	0.995981	0.989512	0.98972	1.00028	1.00049	
8.54889 0.996197	0.996236	0.989426	0.989625	1.00013	1.00034	
8.56937 0.99734	0.997377	0.989088	0.989277	0.999857	1.00007	
8.58985 0.997486	0.997521	0.989281	0.989462	0.999431	0.999642	
8.61032 0.997809	0.997842	0.989461	0.989632	0.999221	0.99943	
8.6308 0.998061	0.998093	0.989063	0.989225	0.998703	0.998911	
8.65128 0.999012	0.999043	0.989526	0.989679	0.998545	0.998752	
8.67175 0.999309	0.999339	0.989607	0.989751	0.997919	0.998124	
8.69223 0.999509	0.999539	0.989625	0.98976	0.997977	0.998181	
8.71271 0.999908	0.999937	0.989716	0.989842	0.99774	0.997942	
8.73318 1.00008	1.00011	0.990069	0.990186	0.997361	0.997561	
8.75366 1.00033	1.00036	0.989927	0.990035	0.996916	0.997113	
8.77414 1.00067	1.00071	0.990403	0.990502	0.996718	0.996912	
8.79461 1.00015	1.00019	0.990714	0.990804	0.996608	0.9968	
8.81509 1.00097	1.001	0.991202	0.991285	0.996234	0.996422	
8.83556 1.0011	1.00113	0.990989	0.991064	0.995861	0.996045	
8.85604 1.00109	1.00112	0.991571	0.991638	0.995841	0.996021	
8.87652 1.00142	1.00145	0.991733	0.991792	0.995468	0.995644	
8.89699 1.00183	1.00187	0.992053	0.992105	0.995423	0.995595	
8.91747 1.00125	1.00129	0.992307	0.992351	0.995059	0.995226	
8.93795 1.00184	1.00188	0.992738	0.992775	0.994816	0.994979	
8.95842 1.00196	1.002	0.993183	0.993214	0.994809	0.994967	
8.9789 1.00198	1.00203	0.993499	0.993524	0.994549	0.994701	
8.99938 1.00195	1.002	0.994051	0.99407	0.994871	0.995019	
9.01985 1.00219	1.00224	0.994199	0.994212	0.99454	0.994682	
9.04033 1.00215	1.0022	0.994525	0.994533	0.99456	0.994697	
9.0608 1.00136	1.00141	0.994824	0.994827	0.99451	0.994642	
9.08128 1.00169	1.00174	0.995653	0.995651	0.994451	0.994577	
9.10176 1.00144	1.00149	0.996042	0.996036	0.99427	0.99439	
9.12223 1.0009	1.00095	0.996236	0.996227	0.994233	0.994348	
9.14271 1.00109	1.00114	0.996551	0.996538	0.994184	0.994293	
9.16319 1.00202	1.00208	0.996956	0.996939	0.99445	0.994554	
9.18366 1.00083	1.00089	0.997376	0.997357	0.994471	0.994569	
9.20414 1.00077	1.00083	0.997749	0.997727	0.994517	0.994609	
9.22462 1.00102	1.00108	0.998099	0.998076	0.994552	0.994639	
9.24509 1.0011	1.00116	0.998289	0.998264	0.994598	0.994679	
9.26557 1.00123	1.0013	0.998721	0.998694	0.994775	0.994851	
9.28604 1.00077	1.00083	0.999091	0.999063	0.994925	0.994995	
9.30652 1.00069	1.00075	0.999295	0.999267	0.99513	0.995196	
9.327 1.00076	1.00083	0.999793	0.999765	0.995102	0.995163	
9.34747 1.00064	1.00071	1.00006	1.00003	0.995189	0.995245	
9.36795 1.00039	1.00046	1.00015	1.00012	0.995238	0.995289	
9.38843 1.00018	1.00025	1.0003	1.00027	0.995574	0.99562	
9.4089 0.999778	0.999847	1.00074	1.00071	0.995477	0.995517	
9.42938 0.999922	0.99999	1.00113	1.0011	0.99596	0.995996	
9.44986 0.999703	0.999772	1.00123	1.00121	0.996202	0.996234	
9.47033 0.999407	0.999475	1.00129	1.00126	0.996184	0.996212	
9.49081 0.999555	0.999622	1.00162	1.00159	0.99673	0.996755	
9.51129 0.999179	0.999245	1.00182	1.0018	0.996547	0.996568	
9.53176 0.999012	0.999078	1.00186	1.00184	0.996869	0.996886	
9.55224 0.999041	0.999106	1.00192	1.0019	0.996921	0.996934	
9.57271 0.999164	0.999227	1.00234	1.00233	0.997291	0.997302	
9.59319 0.998412	0.998474	1.00221	1.0022	0.997458	0.997465	
9.61367 0.998762	0.998822	1.00228	1.00227	0.997656	0.997661	
9.63414 0.998114	0.998172	1.00268	1.00267	0.998101	0.998104	
9.65462 0.998316	0.998373	1.0026	1.0026	0.998192	0.998193	
9.6751 0.998182	0.998236	1.00292	1.00293	0.998183	0.998182	
9.69557 0.997789	0.997841	1.0027	1.0027	0.998491	0.998488	
9.71605 0.998139	0.998188	1.00271	1.00272	0.998823	0.998818	
9.73653 0.99851	0.998558	1.0028	1.00281	0.99914	0.999134	
9.757 0.997896	0.997942	1.00292	1.00294	0.999132	0.999125	
9.77748 0.997999	0.998042	1.00292	1.00293	0.999245	0.999237	
9.79795 0.997954	0.997995	1.00292	1.00294	0.999661	0.999653	
9.81843 0.997933	0.997971	1.00289	1.00292	0.99963	0.999621	
9.83891 0.998076	0.998112	1.00279	1.00282	1.00001	1	
9.85938 0.997972	0.998005	1.00311	1.00315	1.00006	1.00006	
9.87986 0.998158	0.998189	1.00271	1.00274	1.00046	1.00046	
9.90034 0.998008	0.998037	1.00274	1.00278	1.00017	1.00017	
9.92081 0.998382	0.998409	1.00274	1.00278	1.00062	1.00061	
9.94129 0.997683	0.997707	1.00264	1.00269	1.00066	1.00066	
9.96177 0.998424	0.998446	1.00246	1.00251	1.00098	1.00097	
9.98224 0.998545	0.998565	1.00227	1.00232	1.00109	1.00109	
10.0027 0.998533	0.998551	1.00245	1.0025	1.00111	1.00111	
10.0232 0.998904	0.998921	1.00238	1.00244	1.00148	1.00148	
10.0437 0.998678	0.998693	1.00222	1.00228	1.00157	1.00157	
10.0641 0.998829	0.998842	1.00194	1.002	1.00151	1.00152	
10.0846 0.9991	0.999113	1.00203	1.0021	1.00172	1.00172	
10.1051 0.99886	0.998871	1.00187	1.00194	1.0017	1.00171	
10.1256 0.999141	0.999151	1.00153	1.0016	1.00206	1.00207	
10.1461 0.999135	0.999144	1.00174	1.00181	1.00205	1.00207	
10.1665 0.999355	0.999363	1.00158	1.00166	1.00186	1.00188	
10.187 0.99917	0.999177	1.00137	1.00145	1.00211	1.00213	
10.2075 1.00019	1.0002	1.00132	1.0014	1.0021	1.00213	
10.228 1.00015	1.00015	1.00142	1.00151	1.00229	1.00232	
10.2484 1.00003	1.00004	1.0013	1.00139	1.00214	1.00216	
10.2689 1.00042	1.00043	1.00124	1.00133	1.00208	1.00211	
10.2894 1.00044	1.00045	1.00095	1.00104	1.00224	1.00227	
10.3099 1.0002	1.00021	1.00093	1.00102	1.00214	1.00218	
10.3303 1.0005	1.00051	1.00075	1.00084	1.00226	1.0023	
10.3508 1.00075	1.00076	1.00074	1.00083	1.00252	1.00256	
10.3713 1.00064	1.00065	1.00064	1.00074	1.00232	1.00237	
10.3918 1.00102	1.00103	1.00053	1.00063	1.00232	1.00237	
10.4122 1.00098	1.001	1.00031	1.0004	1.00239	1.00244	
10.4327 1.00132	1.00134	1.00043	1.00053	1.00235	1.0024	
10.4532 1.00136	1.00138	0.999982	1.00008	1.00217	1.00224	
10.4737 1.00134	1.00136	1.00029	1.00039	1.00222	1.00229	
10.4942 1.00154	1.00156	1.00004	1.00014	1.00211	1.00218	
10.5146 1.00169	1.00171	1.00001	1.00011	1.00217	1.00224	
10.5351 1.00202	1.00205	1.00008	1.00018	1.002	1.00207	
10.5556 1.00224	1.00227	0.999868	0.999964	1.00196	1.00204	
10.5761 1.00164	1.00167	0.999808	0.999904	1.00183	1.00191	
10.5965 1.00214	1.00218	0.999751	0.999847	1.00172	1.0018	
10.617 1.00207	1.00211	0.999687	0.999782	1.00179	1.00187	
10.6375 1.00191	1.00195	0.999843	0.999939	1.00168	1.00177	
10.658 1.0021	1.00215	0.999681	0.999776	1.00197	1.00206	
10.6784 1.00244	1.00249	0.999489	0.999584	1.00147	1.00156	
10.6989 1.00247	1.00253	0.999509	0.999603	1.00133	1.00143	
10.7194 1.00249	1.00255	0.999658	0.999751	1.00132	1.00142	
10.7399 1.00262	1.00268	0.999586	0.999679	1.00127	1.00137	
10.7603 1.00263	1.0027	0.999545	0.999638	1.00124	1.00134	
10.7808 1.00286	1.00293	0.999631	0.999723	1.00121	1.00132	
10.8013 1.00243	1.0025	0.999454	0.999546	1.00106	1.00116	
10.8218 1.00245	1.00253	0.999511	0.999602	1.00127	1.00138	
10.8423 1.00222	1.00231	0.99954	0.99963	1.00123	1.00134	
10.8627 1.00304	1.00313	0.999477	0.999567	1.00089	1.001	
10.8832 1.00269	1.00278	0.999485	0.999574	1.00063	1.00074	
10.9037 1.00265	1.00275	0.99965	0.999739	1.0005	1.00061	
10.9242 1.00248	1.00258	0.999643	0.999731	1.00079	1.0009	
10.9446 1.00248	1.00259	0.99973	0.999817	1.00054	1.00065	
10.9651 1.00262	1.00273	0.999778	0.999865	1.00028	1.00039	
10.9856 1.00256	1.00268	0.99958	0.999666	1.00034	1.00045	
11.0061 1.00239	1.00251	0.99998	1.00007	1.00017	1.00029	
11.0265 1.002	1.00212	0.999737	0.999823	1.00024	1.00036	
11.047 1.00243	1.00256	0.999572	0.999658	1.00019	1.00031	
11.0675 1.00212	1.00225	0.999599	0.999685	1.00005	1.00017	
11.088 1.00239	1.00252	0.99997	1.00006	0.999894	1.00001	
11.1084 1.00219	1.00233	0.999933	1.00002	0.999931	1.00005	
11.1289 1.00214	1.00228	0.999991	1.00008	0.999803	0.999922	
11.1494 1.00189	1.00204	1.00005	1.00014	0.999689	0.999808	
11.1699 1.00172	1.00187	0.999951	1.00004	0.99981	0.999929	
11.1903 1.00115	1.0013	1.00019	1.00028	0.999738	0.999857	
11.2108 1.00154	1.00169	1.00003	1.00012	0.99982	0.999939	
11.2313 1.00146	1.00162	1.00005	1.00014	0.999763	0.999882	
11.2518 1.00109	1.00125	1.00009	1.00017	0.999721	0.999839	
11.2723 1.00123	1.00139	1.00021	1.0003	0.999726	0.999844	
11.2927 1.00114	1.0013	1.00025	1.00034	0.999535	0.999653	
11.3132 1.00095	1.00111	1.00028	1.00037	0.99941	0.999526	
11.3337 1.00116	1.00132	1.00045	1.00054	0.999222	0.999337	
11.3542 1.00054	1.00071	1.00026	1.00035	0.999444	0.999559	
11.3746 1.00045	1.00062	1.00027	1.00036	0.999485	0.999599	
11.3951 1.00016	1.00033	1.00044	1.00053	0.999415	0.999527	
11.4156 0.999983	1.00016	1.00028	1.00037	0.99935	0.999462	
11.4361 1.00032	1.00049	1.00025	1.00034	0.99927	0.99938	
11.4565 0.99991	1.00008	1.00036	1.00045	0.999075	0.999184	
11.477 1.00004	1.00021	1.00046	1.00056	0.999391	0.9995	
11.4975 0.999944	1.00012	1.00032	1.00042	0.999288	0.999395	
11.518 0.999872	1.00005	1.00064	1.00073	0.999147	0.999252	
11.5384 0.999345	0.999518	1.00044	1.00054	0.999376	0.99948	
11.5589 0.999353	0.999525	1.00041	1.00051	0.999205	0.999308	
11.5794 0.999575	0.999746	1.00056	1.00067	0.999277	0.999379	
11.5999 0.998951	0.999121	1.00035	1.00045	0.999239	0.99934	
11.6204 0.99939	0.999559	1.00034	1.00045	0.999174	0.999274	
11.6408 0.99941	0.999578	1.00048	1.00059	0.999409	0.999507	
11.6613 0.999087	0.999254	1.0006	1.0007	0.999294	0.999392	
11.6818 0.998846	0.999011	1.00037	1.00048	0.999603	0.9997	
11.7023 0.998508	0.99867	1.00048	1.00059	0.999553	0.999649	
11.7227 0.998788	0.998947	1.00038	1.00049	0.99939	0.999485	
11.7432 0.998787	0.998945	1.00042	1.00053	0.999562	0.999656	
11.7637 0.99852	0.998675	1.00041	1.00052	0.999592	0.999686	
11.7842 0.998644	0.998796	1.00046	1.00057	0.99932	0.999412	
11.8046 0.998506	0.998656	1.00043	1.00054	0.999326	0.999417	
11.8251 0.998072	0.998218	1.00041	1.00052	0.999455	0.999546	
11.8456 0.998284	0.998427	1.00022	1.00033	0.999446	0.999535	
11.8661 0.998642	0.998783	1.00021	1.00033	0.999616	0.999704	
11.8865 0.998301	0.998438	1.00026	1.00038	0.999593	0.999681	
11.907 0.99826	0.998393	1.0001	1.00022	0.999694	0.999781	
11.9275 0.998305	0.998435	1.00005	1.00017	0.999565	0.999652	
11.948 0.998078	0.998204	1.00001	1.00013	0.99973	0.999816	
11.9685 0.998396	0.998519	0.99997	1.00009	0.999533	0.999618	
11.9889 0.998138	0.998258	0.999971	1.00009	0.999919	1.00001	
12.0094 0.99793	0.998045	1.00003	1.00015	0.999743	0.999829	
12.0299 0.998068	0.998179	0.999956	1.00007	0.999622	0.999706	
12.0504 0.998197	0.998304	0.999991	1.00011	0.999692	0.999777	
12.0708 0.998108	0.998212	0.99982	0.999938	0.99983	0.999914	
12.0913 0.998308	0.998408	0.999902	1.00002	0.999686	0.999769	
12.1118 0.997984	0.998079	0.99977	0.999888	0.999782	0.999865	
12.1323 0.998461	0.998553	0.999949	1.00007	0.999951	1.00003	
12.1527 0.99827	0.998359	0.99985	0.999968	0.999856	0.999939	
12.1732 0.998455	0.99854	0.999565	0.999683	0.99999	1.00007	
12.1937 0.998278	0.99836	0.999479	0.999596	0.999887	0.99997	
12.2142 0.998358	0.998435	0.999627	0.999743	0.999739	0.999822	
12.2346 0.99865	0.998725	0.999426	0.999541	1.00001	1.00009	
12.2551 0.998375	0.998446	0.999502	0.999616	0.999969	1.00005	
12.2756 0.998344	0.998412	0.999405	0.999518	1.00004	1.00013	
12.2961 0.998571	0.998635	0.999382	0.999494	0.999843	0.999926	
12.3166 0.998368	0.998429	0.999395	0.999505	1.00025	1.00033	
12.337 0.998191	0.998247	0.999239	0.999347	0.999925	1.00001	
12.3575 0.998625	0.998679	0.999412	0.999519	0.999897	0.999981	
12.378 0.998767	0.998818	0.999403	0.999509	0.99984	0.999924	
12.3985 0.998822	0.99887	0.999268	0.999373	0.999991	1.00008	
12.4189 0.99865	0.998694	0.999262	0.999365	1.00006	1.00015	
12.4394 0.999039	0.999082	0.999243	0.999344	1.00005	1.00014	
12.4599 0.999	0.99904	0.999225	0.999326	1.00018	1.00027	
12.4804 0.998916	0.998953	0.999247	0.999346	0.999814	0.999899	
12.5008 0.999141	0.999177	0.999425	0.999522	1.00006	1.00015	
12.5213 0.999229	0.999262	0.999252	0.999348	1.00003	1.00012	
12.5418 0.999166	0.999198	0.999055	0.999148	0.99995	1.00004	
12.5623 0.999412	0.999442	0.999353	0.999445	1.00016	1.00025	
12.5827 0.99933	0.999358	0.999226	0.999317	0.999974	1.00006	
12.6032 0.999534	0.999561	0.999152	0.999241	1.00005	1.00014	
12.6237 0.999441	0.999467	0.999002	0.999088	0.999826	0.999913	
12.6442 1.00002	1.00005	0.999212	0.999296	1.00001	1.0001	
12.6647 0.999524	0.999549	0.999003	0.999085	0.999841	0.999928	
12.6851 0.999705	0.99973	0.998991	0.99907	0.999917	1	
12.7056 0.999561	0.999584	0.999107	0.999184	0.99984	0.999926	
12.7261 0.999799	0.999821	0.999241	0.999316	0.999862	0.999948	
12.7466 0.999996	1.00002	0.999087	0.999161	0.9999	0.999987	
12.767 1.00024	1.00027	0.999241	0.999312	0.999946	1.00003	
12.7875 0.999786	0.999809	0.999242	0.999312	0.999911	0.999998	
12.808 0.999972	0.999995	0.999197	0.999264	0.99974	0.999826	
12.8285 1.00057	1.0006	0.999331	0.999397	0.9999	0.999986	
12.8489 1.00044	1.00047	0.999312	0.999376	0.999809	0.999895	
12.8694 1.00035	1.00037	0.999301	0.999363	0.999694	0.999779	
12.8899 1.0003	1.00032	0.999374	0.999435	0.999842	0.999927	
12.9104 1.00066	1.00069	0.999323	0.999382	0.999955	1.00004	
12.9308 1.00038	1.00041	0.999249	0.999306	0.99974	0.999824	
12.9513 1.00022	1.00026	0.99942	0.999475	0.999967	1.00005	
12.9718 1.00052	1.00056	0.999466	0.999521	0.999672	0.999756	
12.9923 1.00032	1.00036	0.999578	0.999632	0.999648	0.999731	
13.0127 1.00044	1.00048	0.999458	0.99951	0.999734	0.999816	
13.0332 1.00064	1.00068	0.999431	0.999482	0.999782	0.999865	
13.0537 1.00055	1.00059	0.999546	0.999595	0.999659	0.99974	
13.0742 1.00071	1.00076	0.999685	0.999733	0.999717	0.999798	
13.0947 1.00034	1.00038	0.999678	0.999726	0.999622	0.999702	
13.1151 1.00046	1.0005	0.999712	0.999759	0.999739	0.999819	
13.1356 1.00051	1.00056	0.999588	0.999633	0.999834	0.999913	
13.1561 1.00068	1.00073	0.999701	0.999746	0.999732	0.999811	
13.1766 1.00023	1.00028	0.999715	0.999759	0.999793	0.999871	
13.197 1.00066	1.00071	0.999738	0.999781	0.999671	0.999748	
13.2175 1.00071	1.00077	0.999755	0.999798	0.999798	0.999875	
13.238 1.00078	1.00084	0.999929	0.999972	0.999854	0.999931	
13.2585 1.00072	1.00077	0.99976	0.999802	0.99955	0.999626	
13.2789 1.00047	1.00053	1.00001	1.00005	0.999731	0.999807	
13.2994 1.00072	1.00078	0.999832	0.999874	0.999662	0.999736	
13.3199 1.00037	1.00044	0.999901	0.999943	0.999591	0.999665	
13.3404 1.00024	1.00031	1.00004	1.00008	0.999803	0.999875	
13.3608 1.00033	1.0004	0.999925	0.999967	0.999691	0.999763	
13.3813 1.00059	1.00066	1.00005	1.00009	0.999708	0.999779	
13.4018 1.00047	1.00054	1.00005	1.00009	0.999743	0.999814	
13.4223 1.00038	1.00045	1.00012	1.00016	0.999744	0.999814	
13.4428 1.0005	1.00058	0.999984	1.00003	0.999667	0.999736	
13.4632 1.00049	1.00057	1.00014	1.00019	0.999696	0.999764	
13.4837 1.00051	1.00059	1.00022	1.00027	0.999804	0.999872	
13.5042 1.00011	1.00019	1.00041	1.00045	0.999674	0.999741	
13.5247 1.00036	1.00044	1.00014	1.00019	0.999746	0.999812	
13.5451 1.00028	1.00036	1.00029	1.00034	0.999868	0.999934	
13.5656 1.00013	1.00021	1.00029	1.00034	0.999793	0.999859	
13.5861 1.00052	1.0006	1.00028	1.00033	0.999898	0.999964	
13.6066 1.00039	1.00048	1.00034	1.00039	0.999692	0.999757	
13.627 1.00063	1.00072	1.00016	1.00021	0.999756	0.99982	
13.6475 1.0001	1.00019	1.00034	1.00039	0.999851	0.999915	
13.668 1	1.00009	1.00024	1.0003	0.999745	0.999808	
13.6885 1.00016	1.00025	1.00029	1.00035	1.00004	1.00011	
13.7089 0.999912	1	1.00027	1.00033	0.999831	0.999894	
13.7294 1.00007	1.00016	1.00039	1.00044	1	1.00007	
13.7499 0.999924	1.00001	1.00031	1.00037	0.999768	0.999831	
13.7704 1.00035	1.00044	1.00048	1.00054	0.999834	0.999897	
13.7909 1.00025	1.00035	1.00034	1.00041	1.00005	1.00012	
13.8113 1.00047	1.00057	1.00037	1.00044	0.999688	0.99975	
13.8318 1.0001	1.0002	1.00049	1.00056	0.999939	1	
13.8523 1.00026	1.00036	1.00027	1.00034	0.999812	0.999873	
13.8728 1.00008	1.00018	1.00028	1.00035	1.00004	1.0001	
13.8932 0.999834	0.999931	1.00033	1.0004	1.00003	1.00009	
13.9137 0.999765	0.999862	1.00044	1.00051	0.999899	0.999961	
13.9342 1.00007	1.00017	1.0002	1.00028	1.00001	1.00008	
13.9547 0.999877	0.999974	1.00029	1.00036	1.00015	1.00021	
13.9751 0.999928	1.00003	1.00035	1.00043	0.999958	1.00002	
13.9956 1.00001	1.00011	1.00028	1.00036	1.00014	1.0002	
14.0161 0.99992	1.00002	1.00032	1.0004	0.999952	1.00002	
14.0366 0.999882	0.99998	1.00049	1.00057	0.99996	1.00002	
14.057 0.999787	0.999885	1.00029	1.00037	1.00018	1.00024	
14.0775 0.999972	1.00007	1.00033	1.00042	0.999957	1.00002	
14.098 0.999952	1.00005	1.00033	1.00042	0.999961	1.00003	
14.1185 1.00004	1.00014	1.00027	1.00036	1.00002	1.00009	
14.139 0.999674	0.999772	1.00032	1.00041	1.00008	1.00015	
14.1594 0.999665	0.999762	1.00033	1.00042	1.00013	1.0002	
14.1799 0.999783	0.999879	1.00022	1.00031	1.0002	1.00027	
14.2004 0.999863	0.999959	1.00022	1.00031	0.999977	1.00005	
14.2209 0.999749	0.999845	1.00007	1.00017	1.00006	1.00013	
14.2413 0.999814	0.999909	1.00011	1.0002	1.00012	1.00019	
14.2618 0.999852	0.999947	1.00016	1.00026	1.0002	1.00027	
14.2823 1	1.0001	1.00004	1.00014	1.00019	1.00026	
14.3028 1.00008	1.00018	1.00009	1.00018	1.00024	1.00031	
14.3232 0.999812	0.999908	1.0002	1.0003	1.00011	1.00019	
14.3437 0.999963	1.00006	1.00015	1.00025	1.00019	1.00027	
14.3642 0.999416	0.999509	1.00002	1.00013	1.00018	1.00025	
14.3847 0.99968	0.999772	0.999977	1.00008	1.00021	1.00029	
14.4051 0.999943	1.00004	1.00005	1.00016	1.00013	1.00021	
14.4256 0.999929	1.00002	1.0001	1.0002	1.00011	1.00019	
14.4461 0.999903	0.999996	1.00012	1.00022	1.00026	1.00034	
14.4666 0.999924	1.00002	1.00012	1.00022	1.00027	1.00035	
14.487 1.00009	1.00019	1.0001	1.00021	1.00015	1.00023	
14.5075 1.00008	1.00018	0.999959	1.00007	1.00001	1.0001	
14.528 0.999739	0.999833	0.999964	1.00007	1.00013	1.00021	
14.5485 0.999239	0.99933	0.999994	1.0001	1.00007	1.00015	
14.569 0.999656	0.999746	0.999967	1.00008	1.00003	1.00012	
14.5894 1.00001	1.0001	0.999945	1.00005	1.00006	1.00015	
14.6099 0.99957	0.999658	0.999774	0.999882	1.00019	1.00027	
14.6304 1.00009	1.00018	0.99997	1.00008	1.00009	1.00018	
14.6509 0.999756	0.999845	0.999776	0.999884	1.00003	1.00012	
14.6713 1.00001	1.0001	0.999747	0.999854	1.00008	1.00017	
14.6918 0.999781	0.999869	0.999933	1.00004	1.00023	1.00033	
14.7123 0.999991	1.00008	0.999659	0.999766	1.00008	1.00018	
14.7328 0.999994	1.00008	0.999737	0.999844	1.00012	1.00021	
14.7532 0.999777	0.999865	0.99994	1.00005	0.999929	1.00002	
14.7737 0.999792	0.99988	0.999824	0.99993	1.00011	1.00021	
14.7942 0.999778	0.999865	0.999682	0.999787	1.00012	1.00022	
14.8147 0.999881	0.999968	0.99984	0.999945	1.00007	1.00017	
14.8351 1.00006	1.00015	0.999851	0.999956	0.999866	0.999963	
14.8556 0.999762	0.999849	0.999933	1.00004	1.00008	1.00018	
14.8761 1.00001	1.0001	0.999803	0.999907	0.999993	1.00009	
14.8966 1.00001	1.0001	0.999889	0.999993	0.999903	1	
14.9171 0.9997	0.999787	0.999775	0.999878	0.999971	1.00007	
14.9375 0.999978	1.00007	0.99973	0.999833	1.00004	1.00014	
14.958 1.00021	1.00029	0.999708	0.99981	1.00002	1.00012	
14.9785 1.00005	1.00014	0.999587	0.999688	0.999959	1.00006	
14.999 1.0002	1.00029	0.999583	0.999681	1	1.0001	
15.0194 0.999943	1.00003	0.999591	0.999688	0.999985	1.00009	
15.0399 1.00009	1.00019	0.999863	0.99996	1.00006	1.00016	
15.0604 0.999784	0.999875	0.999799	0.999895	1.00001	1.00011	
15.0809 1.00008	1.00017	0.999938	1.00003	0.999895	0.999998	
15.1013 1.00029	1.00038	0.999798	0.999894	0.999867	0.99997	
15.1218 1.00007	1.00016	0.99968	0.999775	0.999874	0.999976	
15.1423 1.00016	1.00025	0.999719	0.999813	1.00001	1.00011	
15.1628 0.999927	1.00002	0.999699	0.999791	0.999943	1.00005	
15.1832 0.999781	0.999877	0.999757	0.999849	0.999751	0.999853	
15.2037 1.00006	1.00016	0.99984	0.999931	0.999933	1.00004	
15.2242 0.999848	0.999944	0.999692	0.999783	0.999705	0.999807	
15.2447 1.00005	1.00015	0.999791	0.999881	0.999839	0.999941	
15.2652 1.00012	1.00022	0.999612	0.9997	0.999741	0.999842	
15.2856 1.00003	1.00013	0.99965	0.999737	0.999888	0.999988	
15.3061 1.00016	1.00026	0.99985	0.999936	0.999867	0.999967	
15.3266 0.999851	0.999951	0.999807	0.999892	0.999778	0.999878	
15.3471 0.999549	0.999648	0.999732	0.999817	0.999742	0.999841	
15.3675 0.999869	0.999968	0.999794	0.999878	0.999825	0.999923	
15.388 0.999855	0.999953	0.999942	1.00003	0.999727	0.999825	
15.4085 1.00008	1.00018	0.999842	0.999926	0.999858	0.999955	
15.429 0.999841	0.99994	0.999766	0.999849	0.999762	0.999859	
15.4494 0.999996	1.00009	0.999731	0.999813	0.999826	0.999923	
15.4699 1.00002	1.00012	0.99996	1.00004	0.999833	0.999929	
15.4904 0.999919	1.00002	0.999939	1.00002	0.999889	0.999985	
15.5109 1.00005	1.00015	0.999778	0.99986	0.99991	1.00001	
15.5313 0.999747	0.999847	0.999962	1.00004	0.999796	0.999891	
15.5518 0.999885	0.999984	0.999677	0.999757	0.99971	0.999804	
15.5723 0.999918	1.00002	1.00002	1.0001	0.999726	0.999819	
15.5928 0.999614	0.999712	0.999732	0.999812	0.999663	0.999754	
15.6133 0.999598	0.999695	0.999832	0.999911	0.99983	0.999922	
15.6337 0.999725	0.999821	0.999852	0.999931	0.99981	0.9999	
15.6542 1.00003	1.00013	0.999859	0.999938	0.999865	0.999955	
15.6747 0.999842	0.999938	0.999897	0.999976	0.999732	0.999822	
15.6952 0.999569	0.999663	0.999912	0.99999	0.999701	0.999789	
15.7156 0.999926	1.00002	0.999948	1.00003	0.999648	0.999735	
15.7361 0.999807	0.999901	0.999998	1.00008	0.999741	0.999826	
15.7566 0.99977	0.999862	0.999846	0.999925	0.999979	1.00007	
15.7771 0.999855	0.999947	0.999951	1.00003	0.999689	0.999774	
15.7975 0.999668	0.999759	1.00003	1.00011	0.99978	0.999864	
15.818 0.999739	0.999829	1.00002	1.0001	0.999898	0.999982	
15.8385 1.00015	1.00025	0.999961	1.00004	0.999871	0.999954	
15.859 1.00009	1.00018	1	1.00008	0.999835	0.999918	
15.8794 0.999954	1.00005	1.00005	1.00013	0.999774	0.999857	
15.8999 0.999454	0.999544	0.999986	1.00007	0.999835	0.999917	
15.9204 0.999741	0.99983	0.999917	0.999999	0.999686	0.999766	
15.9409 0.99971	0.999798	0.999935	1.00002	0.999886	0.999966	
15.9613 0.999817	0.999905	0.999972	1.00005	0.999669	0.999748	
15.9818 0.999977	1.00006	0.999789	0.999871	0.999885	0.999964	
16.0023 0.999473	0.999558	0.999689	0.999769	0.99996	1.00004	
16.0228 0.999523	0.999606	0.999961	1.00004	0.9999	0.999978	
16.0433 1.00001	1.00009	0.999902	0.999983	0.999955	1.00003	
16.0637 0.999805	0.999887	1.00002	1.0001	0.999744	0.999822	
16.0842 0.999658	0.999739	1.00005	1.00014	0.999703	0.99978	
16.1047 0.999963	1.00004	1.00001	1.0001	0.999833	0.999909	
16.1252 1.0001	1.00019	0.99984	0.999922	0.999749	0.999824	
16.1456 0.99981	0.999891	0.999897	0.999979	0.999993	1.00007	
16.1661 0.999847	0.999928	0.999849	0.99993	0.99992	0.999995	
16.1866 0.999905	0.999986	0.999899	0.99998	0.999736	0.99981	
16.2071 0.999802	0.999883	0.999848	0.999928	0.999825	0.999898	
16.2275 0.999678	0.999757	0.999808	0.999888	0.999959	1.00003	
16.248 0.999868	0.999947	0.999913	0.999993	0.999947	1.00002	
16.2685 0.999786	0.999864	0.999734	0.999814	1.00001	1.00008	
16.289 0.999729	0.999806	0.999975	1.00005	0.999837	0.999911	
16.3094 0.999944	1.00002	0.999949	1.00003	1.00011	1.00019	
16.3299 0.999853	0.999929	0.999806	0.999884	0.999962	1.00004	
16.3504 0.99969	0.999765	0.999787	0.999865	0.999795	0.999869	
16.3709 0.999687	0.99976	0.999878	0.999956	0.999831	0.999904	
16.3914 1.00002	1.00009	0.999905	0.999982	0.999978	1.00005	
16.4118 0.9998	0.999873	0.999863	0.99994	0.999937	1.00001	
16.4323 0.999841	0.999914	0.999968	1.00005	0.999784	0.999857	
16.4528 0.999669	0.999739	0.999948	1.00003	0.999869	0.999941	
16.4733 0.999872	0.999942	0.999892	0.99997	1.00001	1.00008	
16.4937 0.999819	0.999888	0.99992	0.999998	0.999941	1.00001	
16.5142 0.999763	0.999832	1.00008	1.00016	0.999873	0.999946	
16.5347 0.999859	0.999927	0.99992	0.999999	1.00001	1.00008	
16.5552 0.999856	0.999923	0.999926	1	0.999962	1.00004	
16.5756 0.999354	0.999418	0.999662	0.999739	0.999933	1.00001	
16.5961 0.999709	0.999771	0.999899	0.999975	0.999886	0.99996	
16.6166 0.999475	0.999534	0.999873	0.999949	0.999857	0.99993	
16.6371 0.999889	0.999948	0.999953	1.00003	0.999971	1.00004	
16.6575 1.0001	1.00016	0.999851	0.999927	1.00002	1.00009	
16.678 0.999866	0.999925	0.999887	0.999963	0.99998	1.00005	
16.6985 1.00028	1.00034	0.999887	0.999963	1.00009	1.00017	
16.719 0.999933	0.999995	0.999965	1.00004	0.99987	0.999946	
16.7395 1.00018	1.00024	0.999902	0.999977	0.99996	1.00004	
16.7599 0.999901	0.999964	0.99999	1.00007	0.999901	0.999977	
16.7804 1.00024	1.00031	1.00002	1.00009	0.999896	0.999971	
16.8009 1.00003	1.00009	1.00003	1.00011	0.999967	1.00004	
16.8214 1.00012	1.00019	0.999905	0.999983	0.999958	1.00003	
16.8418 0.999811	0.999877	0.999818	0.999894	0.999958	1.00003	
16.8623 1.00002	1.00009	0.99989	0.999967	1.00004	1.00012	
16.8828 1.00001	1.00008	0.999908	0.999985	0.999893	0.99997	
16.9033 1.00008	1.00015	0.999814	0.999889	0.999937	1.00001	
16.9237 0.999852	0.999919	0.999921	0.999997	0.999904	0.99998	
16.9442 0.99973	0.999796	0.999949	1.00002	1.00006	1.00013	
16.9647 1.00005	1.00012	0.999864	0.999939	1.00003	1.00011	
16.9852 0.999757	0.999823	0.999955	1.00003	0.999934	1.00001	
17.0056 0.9995	0.999563	1.00005	1.00012	0.999977	1.00006	
17.0261 0.999894	0.999957	0.999847	0.999923	1	1.00008	
17.0466 0.999824	0.999885	0.999972	1.00005	1.00002	1.0001	
17.0671 0.999742	0.999802	0.999886	0.999962	0.999938	1.00002	
17.0876 0.999947	1.00001	0.999963	1.00004	0.999984	1.00006	
17.108 0.999837	0.999897	0.99984	0.999915	0.999906	0.999987	
17.1285 1.0001	1.00016	0.999752	0.999826	0.999858	0.999938	
17.149 1.00001	1.00007	0.999945	1.00002	0.999895	0.999975	
17.1695 0.999927	0.999988	0.999876	0.99995	1.00012	1.0002	
17.1899 1.00042	1.00048	1.00009	1.00016	0.999869	0.99995	
17.2104 1.00034	1.00041	0.999878	0.999953	0.999886	0.999967	
17.2309 0.999724	0.99979	1.00006	1.00014	1.0001	1.00019	
17.2514 1.00026	1.00033	1.00002	1.0001	0.999918	1	
17.2718 1.00009	1.00016	0.999919	0.999996	0.999837	0.999919	
17.2923 1.00009	1.00017	1.00001	1.00009	0.999948	1.00003	
17.3128 0.999753	0.999823	0.999857	0.999934	0.99996	1.00004	
17.3333 1.00027	1.00034	0.999959	1.00004	0.999965	1.00005	
17.3537 1.00035	1.00043	0.999997	1.00007	0.999953	1.00004	
17.3742 1.00013	1.0002	0.999978	1.00006	0.999994	1.00008	
17.3947 0.999711	0.999787	0.999814	0.999891	0.999863	0.999946	
17.4152 0.999982	1.00006	0.999872	0.999948	0.999983	1.00007	
17.4356 1.00002	1.0001	0.999862	0.999938	0.99987	0.999953	
17.4561 0.999868	0.999945	1.00006	1.00014	1.00001	1.00009	
17.4766 1.00002	1.0001	0.999983	1.00006	0.999818	0.999901	
17.4971 1.00016	1.00024	0.999967	1.00004	0.999998	1.00008	
17.5176 1.00029	1.00037	1.00006	1.00014	0.999843	0.999925	
17.538 1.00002	1.00011	1.0002	1.00029	0.999977	1.00006	
17.5585 1.00007	1.00015	0.999903	0.999984	0.999962	1.00005	
17.579 1.00021	1.00029	0.999951	1.00003	0.999916	0.999999	
17.5995 0.99994	1.00003	1.00001	1.0001	0.999993	1.00008	
17.6199 1.00004	1.00012	0.999854	0.999937	0.999908	0.999992	
17.6404 0.999806	0.999893	0.99983	0.999912	0.999901	0.999985	
17.6609 1.00042	1.00051	1.00006	1.00015	0.999894	0.999978	
17.6814 1.00001	1.0001	1.00004	1.00013	0.999822	0.999905	
17.7018 1.00006	1.00015	0.999893	0.999977	0.999838	0.999921	
17.7223 0.99972	0.999812	0.999925	1.00001	0.999825	0.999906	
17.7428 1.00022	1.00031	0.999904	0.999988	1.00004	1.00013	
17.7633 0.999831	0.999925	1.00001	1.0001	1.00002	1.00011	
17.7837 1.00024	1.00034	0.999813	0.999896	0.999954	1.00004	
17.8042 0.999905	1	0.999995	1.00008	0.999937	1.00002	
17.8247 0.999809	0.999905	0.999869	0.999953	0.999761	0.999844	
17.8452 1.00024	1.00034	0.999814	0.999897	0.999825	0.999907	
17.8657 0.999837	0.999936	0.999903	0.999985	0.999829	0.99991	
17.8861 0.999729	0.999826	1.00005	1.00014	0.999925	1.00001	
17.9066 0.999841	0.999938	0.999825	0.999908	1.00008	1.00016	
17.9271 1.0002	1.0003	1.00003	1.00011	0.999988	1.00007	
17.9476 0.999767	0.999865	0.999772	0.999854	0.999808	0.999891	
17.968 1.00014	1.00024	1.00008	1.00017	1.00008	1.00017	
17.9885 0.999892	0.999991	1.00029	1.00038	0.999942	1.00003	
18.009 0.999695	0.999792	0.999809	0.999896	0.999971	1.00006	
18.0295 1.00027	1.00037	0.999793	0.999879	0.999874	0.999958	
18.0499 0.999965	1.00007	0.99993	1.00002	0.999903	0.999987	
18.0704 0.99998	1.00008	1.00014	1.00023	0.999799	0.999882	
18.0909 0.999663	0.999763	0.999935	1.00002	0.999887	0.99997	
18.1114 0.999969	1.00007	0.999913	1	0.999866	0.999949	
18.1318 0.999949	1.00005	1.00012	1.00021	0.999994	1.00008	
18.1523 1.0002	1.00031	0.999905	0.999995	0.999944	1.00003	
18.1728 0.999724	0.999827	0.999846	0.999936	1.00023	1.00032	
18.1933 0.999765	0.999867	0.999937	1.00003	0.99989	0.999977	
18.2138 1.00009	1.0002	1.00004	1.00013	1.00006	1.00014	
18.2342 0.99981	0.999912	1.00001	1.0001	0.999629	0.999714	
18.2547 1.00008	1.00018	1.00009	1.00018	0.999769	0.999853	
18.2752 1.00001	1.00012	0.999868	0.999962	0.999842	0.999925	
18.2957 1.00008	1.00018	0.999881	0.999974	0.999766	0.999847	
18.3161 0.999909	1.00002	0.999926	1.00002	0.999968	1.00005	
18.3366 0.999548	0.999652	0.999858	0.999951	0.999918	1	
18.3571 0.999648	0.99975	0.999991	1.00008	0.999931	1.00001	
18.3776 0.999785	0.999886	0.999782	0.999874	0.99986	0.999941	
18.398 0.999984	1.00009	0.999857	0.999948	1.00001	1.00009	
18.4185 0.999672	0.999771	0.999992	1.00008	0.999881	0.999963	
18.439 0.999766	0.999864	0.999821	0.999913	0.999971	1.00005	
18.4595 1.0001	1.0002	0.99985	0.999941	1.00007	1.00016	
18.4799 0.999739	0.999837	1.00019	1.00028	1.00005	1.00014	
18.5004 0.99954	0.999635	0.999862	0.999956	1.00008	1.00017	
18.5209 0.999969	1.00006	0.999883	0.999976	1.00002	1.00011	
18.5414 1.00014	1.00024	0.999845	0.999937	0.99987	0.999958	
18.5619 0.999801	0.999897	0.999978	1.00007	0.999971	1.00006	
18.5823 0.999883	0.999979	0.999871	0.999964	0.999796	0.999883	
18.6028 0.999912	1.00001	1.00001	1.00011	0.999869	0.999955	
18.6233 1.0001	1.0002	0.999948	1.00004	0.999942	1.00003	
18.6438 1.00003	1.00013	0.999827	0.999921	0.999877	0.999964	
18.6642 0.999454	0.999549	0.999807	0.999899	1.00015	1.00024	
18.6847 0.999798	0.999892	1.0001	1.0002	1.00012	1.00021	
18.7052 0.999592	0.999682	0.999844	0.999938	0.999982	1.00007	
18.7257 0.999842	0.999932	0.999877	0.999971	1	1.0001	
18.7461 1.00015	1.00025	0.999957	1.00005	0.999867	0.999959	
18.7666 0.999984	1.00008	0.99975	0.999843	0.999973	1.00007	
18.7871 1.00004	1.00013	0.999825	0.999916	0.999835	0.999927	
18.8076 0.999351	0.999439	0.999942	1.00003	0.999978	1.00007	
18.828 1.00009	1.00018	0.999924	1.00002	0.9998	0.999892	
18.8485 0.99981	0.999899	1.00001	1.00011	0.999905	0.999997	
18.869 1.00002	1.00011	0.999678	0.999769	0.999897	0.999989	
18.8895 0.999754	0.999842	0.999804	0.999894	0.99982	0.999911	
18.91 1	1.00009	1.00003	1.00012	0.999921	1.00001	
18.9304 0.999741	0.999829	0.999656	0.999744	1.00004	1.00013	
18.9509 0.999769	0.999855	0.999918	1.00001	0.999863	0.999955	
18.9714 0.999997	1.00008	0.999837	0.999924	0.999901	0.999993	
18.9919 1.00008	1.00017	0.999893	0.99998	1.00005	1.00014	
19.0123 1.00023	1.00032	1.00014	1.00023	0.999926	1.00002	
19.0328 1.00004	1.00014	0.999801	0.999889	1.00011	1.0002	
19.0533 0.999937	1.00003	1.00005	1.00014	0.999822	0.999917	
19.0738 0.999635	0.999726	1.00004	1.00014	0.999918	1.00001	
19.0942 0.999775	0.999865	1.00017	1.00026	1.00003	1.00012	
19.1147 0.999864	0.999953	0.99977	0.999863	1.00018	1.00028	
19.1352 0.999712	0.999799	0.999967	1.00006	0.999866	0.999966	
19.1557 0.999305	0.999384	1.00001	1.0001	0.999918	1.00002	
19.1761 0.999858	0.999937	0.999982	1.00008	0.999927	1.00003	
19.1966 1.00035	1.00044	0.999762	0.999857	0.99987	0.99997	
19.2171 1.00029	1.00038	0.999829	0.999922	0.999775	0.999873	
19.2376 0.999471	0.999554	0.999882	0.999974	0.999858	0.999956	
19.258 0.999729	0.99981	0.99989	0.999983	0.999804	0.999901	
19.2785 1.00011	1.0002	0.999762	0.999853	0.999945	1.00004	
19.299 0.999737	0.999818	0.999972	1.00006	0.999658	0.999752	
19.3195 0.999558	0.999634	0.999815	0.999906	0.999713	0.999805	
19.34 0.999806	0.999882	1.00002	1.00011	0.999901	0.999993	
19.3604 1.00019	1.00027	1.00012	1.00022	1.00001	1.0001	
19.3809 1.00004	1.00012	1.0001	1.0002	0.999919	1.00001	
19.4014 0.999427	0.999501	1.00004	1.00014	0.999801	0.999893	
19.4219 1.00003	1.0001	0.999777	0.999874	1.00003	1.00012	
19.4423 0.999837	0.99991	0.99977	0.999866	0.99974	0.999831	
19.4628 1.00018	1.00025	0.99983	0.999925	0.999856	0.999946	
19.4833 0.999861	0.999937	0.999701	0.999793	0.999957	1.00005	
19.5038 1.00005	1.00013	1.00004	1.00013	0.999908	0.999999	
19.5242 1.00041	1.00049	1.00003	1.00013	0.999858	0.999949	
19.5447 0.999748	0.999831	1.00011	1.00021	0.999832	0.999922	
19.5652 0.99975	0.99983	0.999913	1.00001	0.999919	1.00001	
19.5857 0.99972	0.999797	0.999864	0.999962	0.999958	1.00005	
19.6061 1.00023	1.00031	0.999799	0.999895	0.999976	1.00007	
19.6266 1.00016	1.00024	0.999885	0.999982	0.999892	0.999982	
19.6471 1.00012	1.0002	0.999833	0.999928	0.99992	1.00001	
19.6676 1.00032	1.00041	0.999727	0.99982	0.999758	0.999847	
19.6881 0.999776	0.999868	0.999895	0.999988	0.999724	0.999811	
19.7085 1.00047	1.00057	0.999774	0.999865	0.999906	0.999992	
19.729 0.999763	0.99986	0.999623	0.999709	0.99963	0.999712	
19.7495 0.999829	0.999925	0.999817	0.999902	0.99994	1.00002	
19.77 0.99992	1.00002	0.999892	0.999977	1.00003	1.00011	
19.7904 0.999925	1.00002	0.999769	0.999852	1.00002	1.00011	
19.8109 0.999869	0.999966	1.00003	1.00011	0.999703	0.999786	
19.8314 0.999896	0.999993	0.999977	1.00006	0.99997	1.00005	
19.8519 0.999582	0.999674	0.999698	0.99978	0.999891	0.999973	
19.8723 0.999712	0.999801	0.999966	1.00005	0.999938	1.00002	
19.8928 1.00014	1.00023	0.999672	0.999752	0.999715	0.999796	
19.9133 0.999737	0.999827	0.999971	1.00005	1.00002	1.0001	
19.9338 0.999423	0.999505	0.999788	0.999866	1.00004	1.00012	
19.9542 0.99999	1.00007	0.999864	0.999942	1.00004	1.00012	
19.9747 0.999841	0.999923	0.999853	0.99993	0.999971	1.00006	
19.9952 0.99967	0.999749	1	1.00008	0.999951	1.00004	
20.0157 0.999777	0.999854	0.999894	0.999971	0.999733	0.999817	
20.0362 1.00013	1.00021	1.00005	1.00013	0.999627	0.999707	
20.0566 1.00027	1.00035	0.999748	0.999824	0.999831	0.999909	
20.0771 1.00056	1.00065	0.999997	1.00007	0.999862	0.99994	
20.0976 0.999819	0.999912	0.999778	0.999854	1.00018	1.00026	
20.1181 1.0001	1.00019	0.999926	1	0.999968	1.00005	
20.1385 0.999634	0.999726	0.99982	0.999894	0.999897	0.999978	
20.159 0.999983	1.00008	1.00011	1.00019	0.999881	0.999962	
20.1795 0.999266	0.999349	0.999854	0.99993	0.999765	0.999844	
20.2 0.999886	0.999968	1.00008	1.00016	0.999931	1.00001	
20.2204 0.999985	1.00007	0.999692	0.999767	0.999948	1.00003	
20.2409 0.999896	0.999979	1.00004	1.00012	0.999657	0.999732	
20.2614 0.999699	0.999779	1.00001	1.00008	0.999837	0.999911	
20.2819 1.00008	1.00017	0.999851	0.999927	0.999826	0.999898	
20.3023 1.00007	1.00015	0.999635	0.999707	0.999861	0.999932	
20.3228 1.00022	1.00031	0.999986	1.00006	0.999948	1.00002	
20.3433 0.999469	0.999552	0.999793	0.999864	0.999706	0.999775	
20.3638 0.999583	0.999661	0.999964	1.00004	1.00009	1.00016	
20.3843 0.999967	1.00005	0.999773	0.999842	0.99991	0.999981	
20.4047 1.00019	1.00027	0.999812	0.999879	0.99982	0.999889	
20.4252 0.999985	1.00007	0.999933	1	1	1.00007	
20.4457 0.999848	0.99993	0.999646	0.999709	0.999771	0.999838	
20.4662 0.999825	0.999906	0.999798	0.999859	1.00002	1.00009	
