#NOTE: MSDs should be divided by the temperature.
#NOTE: MSDs have been divided by 2 or 10 (i.e., the viscosity computed from all components).
#Time	MSD_xx	MSD_yy	MSD_zz	MSD_xy	MSD_xz	MSD_yz	MSD_off	MSD_all	MSD_bulkvisc
 20 6.20242e+09 6.19414e+09 6.19539e+09 6.19229e+09 6.18731e+09 6.19125e+09 6.19028e+09 6.1931e+09 1.11238e+10
 40 1.93756e+10 1.93485e+10 1.93467e+10 1.93348e+10 1.93196e+10 1.93344e+10 1.93296e+10 1.93405e+10 4.07718e+10
 60 3.42803e+10 3.42344e+10 3.42112e+10 3.41935e+10 3.41664e+10 3.42035e+10 3.41878e+10 3.42095e+10 8.40966e+10
 80 4.91993e+10 4.91455e+10 4.90824e+10 4.90516e+10 4.90195e+10 4.90959e+10 4.90557e+10 4.90904e+10 1.3759e+11
 100 6.40563e+10 6.40145e+10 6.38972e+10 6.38217e+10 6.37997e+10 6.39303e+10 6.38506e+10 6.39061e+10 1.98394e+11
 120 7.93236e+10 7.93083e+10 7.91276e+10 7.89573e+10 7.89634e+10 7.91653e+10 7.90287e+10 7.91185e+10 2.64184e+11
 140 9.54864e+10 9.55014e+10 9.52563e+10 9.49391e+10 9.49921e+10 9.5279e+10 9.50701e+10 9.52079e+10 3.33396e+11
 160 1.12707e+11 1.12752e+11 1.1244e+11 1.11953e+11 1.12064e+11 1.12442e+11 1.12153e+11 1.12345e+11 4.04983e+11
 180 1.30773e+11 1.30844e+11 1.3047e+11 1.29807e+11 1.29973e+11 1.30449e+11 1.30076e+11 1.30324e+11 4.7786e+11
 200 1.4938e+11 1.49475e+11 1.49051e+11 1.48194e+11 1.48414e+11 1.48992e+11 1.48533e+11 1.48841e+11 5.50927e+11
 200 1.49167e+11 1.49296e+11 1.49134e+11 1.48216e+11 1.48464e+11 1.49111e+11 1.48597e+11 1.48838e+11 5.51057e+11
 400 3.54971e+11 3.55585e+11 3.54161e+11 3.51026e+11 3.52116e+11 3.53928e+11 3.52357e+11 3.53376e+11 1.20212e+12
 600 5.79822e+11 5.81433e+11 5.78255e+11 5.72768e+11 5.74351e+11 5.77639e+11 5.7492e+11 5.76886e+11 1.5844e+12
 800 8.13157e+11 8.15786e+11 8.10397e+11 8.03655e+11 8.04318e+11 8.09594e+11 8.05856e+11 8.08759e+11 1.62318e+12
 1000 1.05052e+12 1.05377e+12 1.04591e+12 1.0396e+12 1.03756e+12 1.0457e+12 1.04095e+12 1.0446e+12 1.41906e+12
 1200 1.28907e+12 1.29414e+12 1.28382e+12 1.27778e+12 1.27235e+12 1.28291e+12 1.27768e+12 1.28221e+12 1.17532e+12
 1400 1.52817e+12 1.53521e+12 1.5225e+12 1.51732e+12 1.50853e+12 1.52102e+12 1.51562e+12 1.52083e+12 1.03064e+12
 1600 1.76816e+12 1.7759e+12 1.76068e+12 1.75761e+12 1.74645e+12 1.75931e+12 1.75445e+12 1.75997e+12 1.01405e+12
 1800 2.008e+12 2.01738e+12 1.99947e+12 1.99883e+12 1.98462e+12 1.99822e+12 1.99389e+12 1.99964e+12 1.08945e+12
 2000 2.24804e+12 2.25886e+12 2.23905e+12 2.24065e+12 2.22281e+12 2.23685e+12 2.23344e+12 2.23952e+12 1.18398e+12
 2000 2.25715e+12 2.2537e+12 2.23637e+12 2.24063e+12 2.23368e+12 2.24235e+12 2.23889e+12 2.24296e+12 1.17935e+12
 4000 4.63487e+12 4.68745e+12 4.63162e+12 4.71646e+12 4.64898e+12 4.65196e+12 4.67247e+12 4.664e+12 1.26533e+12
 6000 7.03368e+12 7.18823e+12 7.04837e+12 7.22078e+12 7.03979e+12 7.08119e+12 7.11392e+12 7.10439e+12 1.31217e+12
 8000 9.44907e+12 9.69238e+12 9.45127e+12 9.77223e+12 9.4586e+12 9.54553e+12 9.59212e+12 9.56763e+12 1.36146e+12
 10000 1.18965e+13 1.22164e+13 1.18518e+13 1.23669e+13 1.18521e+13 1.20228e+13 1.20806e+13 1.20436e+13 1.43776e+12
 12000 1.43924e+13 1.47654e+13 1.42647e+13 1.49756e+13 1.42588e+13 1.44788e+13 1.45711e+13 1.45323e+13 1.50212e+12
 14000 1.68942e+13 1.73296e+13 1.67014e+13 1.75509e+13 1.66861e+13 1.69288e+13 1.70553e+13 1.70232e+13 1.56994e+12
 16000 1.93701e+13 1.98789e+13 1.9111e+13 2.01109e+13 1.90789e+13 1.93904e+13 1.95267e+13 1.94974e+13 1.64277e+12
 18000 2.18471e+13 2.23939e+13 2.1515e+13 2.26466e+13 2.14591e+13 2.18628e+13 2.19895e+13 2.19612e+13 1.71228e+12
 20000 2.43524e+13 2.49012e+13 2.39104e+13 2.5202e+13 2.38483e+13 2.43254e+13 2.44586e+13 2.44303e+13 1.76145e+12
 20000 2.46107e+13 2.50477e+13 2.36183e+13 2.54461e+13 2.38468e+13 2.42741e+13 2.45223e+13 2.44836e+13 1.72394e+12
 40000 5.09688e+13 5.06489e+13 4.77637e+13 5.24898e+13 4.68511e+13 4.80683e+13 4.91364e+13 4.93994e+13 2.34896e+12
 60000 7.73757e+13 7.59151e+13 7.0537e+13 7.83309e+13 6.93824e+13 7.27161e+13 7.34764e+13 7.39296e+13 2.9379e+12
 80000 1.04142e+14 1.01603e+14 9.41614e+13 1.04048e+14 9.20552e+13 9.73602e+13 9.78211e+13 9.86801e+13 3.62712e+12
 100000 1.3172e+14 1.27638e+14 1.17282e+14 1.30059e+14 1.13189e+14 1.23626e+14 1.22291e+14 1.23594e+14 4.1305e+12
 120000 1.60823e+14 1.55162e+14 1.40578e+14 1.537e+14 1.34234e+14 1.48651e+14 1.45528e+14 1.48192e+14 4.71084e+12
 140000 1.89082e+14 1.81732e+14 1.62931e+14 1.77914e+14 1.55362e+14 1.73548e+14 1.68941e+14 1.72531e+14 5.20957e+12
 160000 2.16504e+14 2.07457e+14 1.84818e+14 2.01599e+14 1.76902e+14 1.99389e+14 1.9263e+14 1.96749e+14 5.70484e+12
 180000 2.42579e+14 2.33774e+14 2.07763e+14 2.26517e+14 1.97912e+14 2.25608e+14 2.16679e+14 2.21223e+14 6.15425e+12
 200000 2.6994e+14 2.61602e+14 2.316e+14 2.49987e+14 2.19395e+14 2.52955e+14 2.40779e+14 2.4622e+14 6.71701e+12
 200000 2.49594e+14 2.49614e+14 2.24862e+14 2.40647e+14 2.24859e+14 2.58627e+14 2.41378e+14 2.41369e+14 6.27929e+12
 400000 5.66768e+14 5.53456e+14 4.60279e+14 4.40186e+14 4.30077e+14 5.51427e+14 4.73897e+14 4.95072e+14 1.22605e+13
 600000 9.49502e+14 8.7511e+14 6.93421e+14 5.99305e+14 6.13847e+14 8.10367e+14 6.74506e+14 7.40442e+14 1.75064e+13
 800000 1.32953e+15 1.20774e+15 9.26552e+14 7.49112e+14 7.81889e+14 9.8472e+14 8.38574e+14 9.64987e+14 2.2507e+13
 1e+06 1.71731e+15 1.55776e+15 1.16786e+15 9.07651e+14 9.7657e+14 1.14257e+15 1.00893e+15 1.19775e+15 2.80363e+13
 1.2e+06 2.092e+15 1.88774e+15 1.38492e+15 1.07685e+15 1.15766e+15 1.40484e+15 1.21312e+15 1.44316e+15 3.29547e+13
 1.4e+06 2.42918e+15 2.1803e+15 1.53596e+15 1.27095e+15 1.35299e+15 1.73655e+15 1.4535e+15 1.69149e+15 3.67066e+13
 1.6e+06 2.7796e+15 2.50125e+15 1.65797e+15 1.44462e+15 1.50387e+15 2.07567e+15 1.67472e+15 1.93001e+15 3.98533e+13
 1.8e+06 3.13268e+15 2.83231e+15 1.78934e+15 1.64117e+15 1.68146e+15 2.29964e+15 1.87409e+15 2.15836e+15 4.23758e+13
 2e+06 3.46668e+15 3.15537e+15 1.9427e+15 1.82534e+15 1.84944e+15 2.48159e+15 2.05213e+15 2.37324e+15 4.41501e+13
 2e+06 3.5678e+15 3.19624e+15 1.82585e+15 1.7809e+15 1.54581e+15 2.17841e+15 1.83504e+15 2.24634e+15 3.66055e+13
 4e+06 5.80447e+15 4.75094e+15 3.46926e+15 3.79614e+15 3.57854e+15 4.3972e+15 3.92396e+15 4.22433e+15 7.78836e+13
 6e+06 6.0555e+15 4.98105e+15 4.88063e+15 5.90699e+15 5.4718e+15 7.32614e+15 6.23497e+15 5.86328e+15 1.2464e+14
 8e+06 5.96255e+15 5.44441e+15 5.19765e+15 6.32809e+15 7.60147e+15 1.03887e+16 8.1061e+15 7.07761e+15 1.45154e+14
 1e+07 5.66103e+15 5.35047e+15 5.88145e+15 6.18613e+15 1.01795e+16 1.53648e+16 1.05768e+16 8.59848e+15 1.55071e+14
 1.2e+07 5.74842e+15 7.28251e+15 6.91534e+15 6.18527e+15 1.19986e+16 2.04799e+16 1.28879e+16 1.03923e+16 1.35406e+14
 1.4e+07 8.08676e+15 9.01532e+15 8.40588e+15 7.27207e+15 1.42588e+16 2.63717e+16 1.59675e+16 1.29816e+16 1.20506e+14
 1.6e+07 9.98956e+15 7.09526e+15 9.08395e+15 8.74501e+15 1.64475e+16 3.24496e+16 1.9214e+16 1.50176e+16 1.15647e+14
 1.8e+07 1.08629e+16 7.62423e+15 9.04023e+15 9.1622e+15 1.88907e+16 4.09976e+16 2.30168e+16 1.74804e+16 1.51852e+14
 2e+07 1.18212e+16 8.92768e+15 9.29504e+15 9.45287e+15 2.17599e+16 5.06487e+16 2.72871e+16 2.03781e+16 1.83276e+14
 2e+07 1.16829e+16 1.63527e+16 7.45612e+15 6.38578e+15 2.2598e+16 3.52514e+16 2.14117e+16 1.75793e+16 1.07349e+14
 4e+07 4.71577e+16 1.80419e+16 7.20258e+15 1.37919e+16 1.97757e+16 1.29859e+17 5.44754e+16 4.23389e+16 1.43017e+14
 6e+07 6.49541e+16 4.52853e+15 3.51812e+16 9.681e+15 2.3141e+15 1.60576e+17 5.75238e+16 4.84695e+16 1.34886e+13
