#NOTE: MSDs should be divided by the temperature.
#NOTE: MSDs have been divided by 2 or 10 (i.e., the viscosity computed from all components).
#Time	MSD_xx	MSD_yy	MSD_zz	MSD_xy	MSD_xz	MSD_yz	MSD_off	MSD_all	MSD_bulkvisc
 20 5.96196e+09 5.96009e+09 5.95524e+09 5.96453e+09 5.96264e+09 5.9576e+09 5.96159e+09 5.96059e+09 1.04548e+10
 40 1.84675e+10 1.84611e+10 1.84397e+10 1.84697e+10 1.84721e+10 1.84463e+10 1.84627e+10 1.84601e+10 3.82303e+10
 60 3.23797e+10 3.23699e+10 3.23328e+10 3.23654e+10 3.23944e+10 3.2339e+10 3.23663e+10 3.23641e+10 7.8779e+10
 80 4.60678e+10 4.60549e+10 4.6022e+10 4.60235e+10 4.61036e+10 4.60153e+10 4.60475e+10 4.60478e+10 1.2896e+11
 100 5.95092e+10 5.9497e+10 5.94917e+10 5.94367e+10 5.9577e+10 5.94613e+10 5.94916e+10 5.94947e+10 1.86161e+11
 120 7.31762e+10 7.31858e+10 7.32087e+10 7.30971e+10 7.32817e+10 7.31519e+10 7.31769e+10 7.31822e+10 2.4811e+11
 140 8.76131e+10 8.76668e+10 8.77007e+10 8.75504e+10 8.77494e+10 8.76112e+10 8.7637e+10 8.76463e+10 3.13315e+11
 160 1.03078e+11 1.03183e+11 1.03207e+11 1.03048e+11 1.03226e+11 1.03089e+11 1.03121e+11 1.03135e+11 3.80899e+11
 180 1.19369e+11 1.19515e+11 1.19523e+11 1.19395e+11 1.19514e+11 1.19392e+11 1.19434e+11 1.19448e+11 4.49914e+11
 200 1.36136e+11 1.36308e+11 1.36305e+11 1.36237e+11 1.36276e+11 1.36177e+11 1.3623e+11 1.36238e+11 5.19353e+11
 200 1.35998e+11 1.3604e+11 1.36291e+11 1.36226e+11 1.35893e+11 1.36121e+11 1.3608e+11 1.36092e+11 5.1932e+11
 400 3.19742e+11 3.20606e+11 3.20278e+11 3.21013e+11 3.19411e+11 3.20113e+11 3.20179e+11 3.20191e+11 1.16892e+12
 600 5.18598e+11 5.18957e+11 5.18934e+11 5.20215e+11 5.17267e+11 5.19158e+11 5.1888e+11 5.1886e+11 1.61826e+12
 800 7.23024e+11 7.23809e+11 7.24366e+11 7.24434e+11 7.20161e+11 7.2471e+11 7.23102e+11 7.23354e+11 1.75577e+12
 1000 9.29242e+11 9.31799e+11 9.32647e+11 9.31203e+11 9.2464e+11 9.33051e+11 9.29631e+11 9.30271e+11 1.62155e+12
 1200 1.13623e+12 1.14174e+12 1.14167e+12 1.13946e+12 1.13e+12 1.14312e+12 1.13753e+12 1.13847e+12 1.38048e+12
 1400 1.34362e+12 1.35302e+12 1.35203e+12 1.34809e+12 1.33545e+12 1.35369e+12 1.34574e+12 1.34727e+12 1.1767e+12
 1600 1.5516e+12 1.56617e+12 1.56314e+12 1.55731e+12 1.54148e+12 1.56323e+12 1.55401e+12 1.55652e+12 1.0811e+12
 1800 1.75965e+12 1.78049e+12 1.77552e+12 1.76628e+12 1.74681e+12 1.77376e+12 1.76228e+12 1.76612e+12 1.09465e+12
 2000 1.96802e+12 1.99615e+12 1.98795e+12 1.97573e+12 1.95305e+12 1.98487e+12 1.97122e+12 1.97635e+12 1.17576e+12
 2000 1.9766e+12 1.98849e+12 1.99333e+12 1.97674e+12 1.96477e+12 1.99553e+12 1.97901e+12 1.98186e+12 1.18794e+12
 4000 4.04482e+12 4.13727e+12 4.08091e+12 4.07106e+12 4.03565e+12 4.12437e+12 4.07703e+12 4.08128e+12 1.36413e+12
 6000 6.12051e+12 6.27785e+12 6.18024e+12 6.18276e+12 6.08044e+12 6.26303e+12 6.17541e+12 6.18239e+12 1.43053e+12
 8000 8.1813e+12 8.44667e+12 8.3062e+12 8.26851e+12 8.13274e+12 8.40748e+12 8.26957e+12 8.2863e+12 1.50942e+12
 10000 1.02586e+13 1.06151e+13 1.04205e+13 1.03593e+13 1.01889e+13 1.05566e+13 1.03683e+13 1.03935e+13 1.60533e+12
 12000 1.23481e+13 1.27556e+13 1.25186e+13 1.24919e+13 1.22275e+13 1.27349e+13 1.24848e+13 1.25072e+13 1.67618e+12
 14000 1.44296e+13 1.48718e+13 1.4616e+13 1.45873e+13 1.42853e+13 1.49022e+13 1.45916e+13 1.46106e+13 1.77774e+12
 16000 1.64883e+13 1.69905e+13 1.66725e+13 1.66872e+13 1.63777e+13 1.70523e+13 1.67057e+13 1.67103e+13 1.84301e+12
 18000 1.85728e+13 1.91036e+13 1.86971e+13 1.88125e+13 1.84723e+13 1.91563e+13 1.88137e+13 1.88047e+13 1.92333e+12
 20000 2.06461e+13 2.11606e+13 2.07013e+13 2.09134e+13 2.05408e+13 2.12417e+13 2.08987e+13 2.08736e+13 2.01146e+12
 20000 2.14075e+13 2.11591e+13 2.07745e+13 2.10304e+13 2.10074e+13 2.14417e+13 2.11598e+13 2.11414e+13 2.01309e+12
 40000 4.26079e+13 4.28488e+13 4.12485e+13 4.09523e+13 4.18547e+13 4.20605e+13 4.16225e+13 4.18675e+13 2.8147e+12
 60000 6.46374e+13 6.46632e+13 6.20185e+13 6.1933e+13 6.31168e+13 6.10022e+13 6.20173e+13 6.27196e+13 3.65624e+12
 80000 8.76446e+13 8.51771e+13 8.18354e+13 8.30837e+13 8.50987e+13 7.8438e+13 8.22068e+13 8.32783e+13 4.4197e+12
 100000 1.12002e+14 1.06034e+14 1.01949e+14 1.05007e+14 1.06818e+14 9.68726e+13 1.02899e+14 1.04404e+14 5.2126e+12
 120000 1.35838e+14 1.27429e+14 1.22188e+14 1.26188e+14 1.2907e+14 1.17021e+14 1.24093e+14 1.2585e+14 6.13506e+12
 140000 1.60345e+14 1.48421e+14 1.41409e+14 1.46321e+14 1.50755e+14 1.36103e+14 1.44393e+14 1.46659e+14 7.00902e+12
 160000 1.8494e+14 1.70102e+14 1.60437e+14 1.67038e+14 1.7332e+14 1.54875e+14 1.65078e+14 1.67777e+14 7.84696e+12
 180000 2.09962e+14 1.92743e+14 1.80431e+14 1.87294e+14 1.96413e+14 1.73608e+14 1.85771e+14 1.89214e+14 8.64315e+12
 200000 2.36946e+14 2.16437e+14 2.00263e+14 2.06431e+14 2.19709e+14 1.92476e+14 2.06205e+14 2.10876e+14 9.56429e+12
 200000 2.37474e+14 2.21222e+14 2.07445e+14 2.06694e+14 2.13426e+14 1.86414e+14 2.02178e+14 2.10126e+14 9.56313e+12
 400000 4.80661e+14 4.92372e+14 3.90639e+14 4.01606e+14 3.97519e+14 3.60409e+14 3.86512e+14 4.1373e+14 1.79934e+13
 600000 7.5408e+14 7.63447e+14 5.63898e+14 5.78404e+14 5.57151e+14 4.89976e+14 5.41844e+14 6.02629e+14 2.80514e+13
 800000 1.06134e+15 1.05121e+15 7.16241e+14 7.43098e+14 7.09286e+14 6.08905e+14 6.87096e+14 7.8943e+14 3.77645e+13
 1e+06 1.34767e+15 1.37012e+15 8.92621e+14 9.29469e+14 8.61945e+14 7.58461e+14 8.49958e+14 9.91363e+14 4.63538e+13
 1.2e+06 1.65633e+15 1.6929e+15 1.06117e+15 1.1729e+15 1.02268e+15 9.24044e+14 1.03987e+15 1.21198e+15 5.4913e+13
 1.4e+06 1.93657e+15 1.98285e+15 1.15598e+15 1.43542e+15 1.14773e+15 1.10234e+15 1.2285e+15 1.41382e+15 6.26407e+13
 1.6e+06 2.20338e+15 2.30155e+15 1.24155e+15 1.70052e+15 1.30177e+15 1.23966e+15 1.41398e+15 1.61459e+15 7.23427e+13
 1.8e+06 2.52528e+15 2.63923e+15 1.34442e+15 2.00917e+15 1.42331e+15 1.34362e+15 1.59203e+15 1.82308e+15 8.2199e+13
 2e+06 2.82919e+15 2.97442e+15 1.47244e+15 2.29003e+15 1.55648e+15 1.46386e+15 1.77012e+15 2.03221e+15 9.31412e+13
 2e+06 2.22892e+15 2.65887e+15 1.27257e+15 1.86299e+15 1.40923e+15 1.55216e+15 1.60813e+15 1.78626e+15 9.58093e+13
 4e+06 3.64989e+15 3.70037e+15 2.35121e+15 4.31654e+15 3.12141e+15 2.56453e+15 3.33416e+15 3.29403e+15 1.46482e+14
 6e+06 4.77324e+15 3.9889e+15 4.25941e+15 5.67911e+15 3.70402e+15 2.14659e+15 3.84324e+15 4.04215e+15 1.89684e+14
 8e+06 7.18405e+15 4.86493e+15 6.34318e+15 6.96934e+15 3.31652e+15 3.65504e+15 4.64696e+15 5.24047e+15 2.26788e+14
 1e+07 8.76071e+15 3.05963e+15 8.36352e+15 8.47168e+15 3.41384e+15 4.4148e+15 5.43344e+15 5.95124e+15 2.56638e+14
 1.2e+07 1.23081e+16 4.3108e+15 1.03669e+16 8.57069e+15 3.88287e+15 4.23674e+15 5.56343e+15 6.93617e+15 3.81971e+14
 1.4e+07 1.57668e+16 4.51755e+15 1.22604e+16 8.08777e+15 4.67975e+15 5.54432e+15 6.10395e+15 8.00166e+15 4.26797e+14
 1.6e+07 1.89823e+16 3.69746e+15 1.4186e+16 8.5341e+15 5.30746e+15 7.49412e+15 7.11189e+15 9.18257e+15 4.54857e+14
 1.8e+07 2.28948e+16 3.82441e+15 1.61924e+16 9.06834e+15 6.50343e+15 7.74353e+15 7.77177e+15 1.03846e+16 5.17855e+14
 2e+07 2.63695e+16 2.99939e+15 1.78379e+16 9.10444e+15 7.24637e+15 7.42003e+15 7.92361e+15 1.10484e+16 5.68507e+14
 2e+07 3.5894e+16 1.24413e+15 2.5057e+16 1.22693e+16 2.18863e+14 1.59788e+16 9.48899e+15 1.39861e+16 2.51713e+14
 4e+07 1.06745e+16 1.35488e+14 1.32153e+16 9.21426e+15 2.67177e+14 2.88099e+16 1.27638e+16 1.08616e+16 5.14443e+14
