# Radius 	finiterdf__O_Water_O_Water	rdf__O_Water_O_Water	finiterdf__O_Water_H_Water	rdf__O_Water_H_Water	finiterdf__H_Water_H_Water	rdf__H_Water_H_Water	
0.0102382 0	0	0	0	0	0	
0.0307146 0	0	0	0	0	0	
0.051191 0	0	0	0	0	0	
0.0716674 0	0	0	0	0	0	
0.0921438 0	0	0	0	0	0	
0.11262 0	0	0	0	0	0	
0.133097 0	0	0	0	0	0	
0.153573 0	0	0	0	0	0	
0.174049 0	0	0	0	0	0	
0.194526 0	0	0	0	0	0	
0.215002 0	0	0	0	0	0	
0.235479 0	0	0	0	0	0	
0.255955 0	0	0	0	0	0	
0.276431 0	0	0	0	0	0	
0.296908 0	0	0	0	0	0	
0.317384 0	0	0	0	0	0	
0.337861 0	0	0	0	0	0	
0.358337 0	0	0	0	0	0	
0.378813 0	0	0	0	0	0	
0.39929 0	0	0	0	0	0	
0.419766 0	0	0	0	0	0	
0.440242 0	0	0	0	0	0	
0.460719 0	0	0	0	0	0	
0.481195 0	0	0	0	0	0	
0.501672 0	0	0	0	0	0	
0.522148 0	0	0	0	0	0	
0.542624 0	0	0	0	0	0	
0.563101 0	0	0	0	0	0	
0.583577 0	0	0	0	0	0	
0.604054 0	0	0	0	0	0	
0.62453 0	0	0	0	0	0	
0.645006 0	0	0	0	0	0	
0.665483 0	0	0	0	0	0	
0.685959 0	0	0	0	0	0	
0.706436 0	0	0	0	0	0	
0.726912 0	0	0	0	0	0	
0.747388 0	0	0	0	0	0	
0.767865 0	0	0	0	0	0	
0.788341 0	0	0	0	0	0	
0.808818 0	0	0	0	0	0	
0.829294 0	0	0	0	0	0	
0.84977 0	0	0	0	0	0	
0.870247 0	0	0	0	0	0	
0.890723 0	0	0	0	0	0	
0.9112 0	0	0	0	0	0	
0.931676 0	0	0	0	0	0	
0.952152 0	0	0	0	0	0	
0.972629 0	0	0	0	0	0	
0.993105 0	0	119.604	119.733	0	0	
1.01358 0	0	0	0	0	0	
1.03406 0	0	0	0	0	0	
1.05453 0	0	0	0	0	0	
1.07501 0	0	0	0	0	0	
1.09549 0	0	0	0	0	0	
1.11596 0	0	0	0	0	0	
1.13644 0	0	0	0	0	0	
1.15692 0	0	0	0	0	0	
1.17739 0	0	0	0	0	0	
1.19787 0	0	0	0	0	0	
1.21835 0	0	0	0	0	0	
1.23882 0	0	0	0	0	0	
1.2593 0	0	0	0	0	0	
1.27977 0	0	0	0	0	0	
1.30025 0	0	0	0	0	0	
1.32073 0	0	0	0	8.45247e-06	8.45432e-06	
1.3412 0	0	0	0	1.22945e-05	1.2297e-05	
1.36168 0	0	0	0	1.19276e-05	1.19297e-05	
1.38216 0	0	1.92946e-05	1.93098e-05	5.78839e-05	5.78931e-05	
1.40263 0	0	7.86887e-05	7.87488e-05	0.000119907	0.000119923	
1.42311 0	0	0.000349443	0.000349702	0.000222042	0.000222068	
1.44359 0	0	0.00154235	0.00154346	0.000307762	0.000307792	
1.46406 0	0	0.00528267	0.00528636	0.000605306	0.00060535	
1.48454 0	0	0.0144973	0.0145071	0.000933261	0.000933307	
1.50501 0	0	0.0352573	0.0352803	0.00145482	0.00145485	
1.52549 0	0	0.0751918	0.0752391	0.00244557	0.00244557	
1.54597 0	0	0.142703	0.14279	0.0035965	0.00359641	
1.56644 0	0	0.243867	0.244011	0.00555207	0.00555178	
1.58692 0	0	0.379582	0.379798	0.00822581	0.00822517	
1.6074 0	0	0.548391	0.548697	0.0117924	0.0117912	
1.62787 0	0	0.738089	0.738496	22.274	22.285	
1.64835 0	0	0.936312	0.936827	0.0229674	0.0229781	
1.66883 0	0	1.12669	1.12731	0.0316983	0.0317122	
1.6893 0	0	1.2886	1.28932	0.041327	0.0413439	
1.70978 0	0	1.4252	1.42602	0.0546137	0.0546344	
1.73026 0	0	1.51931	1.52021	0.0702875	0.070312	
1.75073 0	0	1.57456	1.57552	0.0890824	0.0891109	
1.77121 0	0	1.59056	1.59156	0.112352	0.112385	
1.79168 0	0	1.57283	1.57385	0.138519	0.138555	
1.81216 0	0	1.52587	1.52689	0.168884	0.168923	
1.83264 0	0	1.45152	1.45252	0.202566	0.202607	
1.85311 0	0	1.37488	1.37584	0.239692	0.239735	
1.87359 0	0	1.27978	1.28069	0.28211	0.282152	
1.89407 0	0	1.18149	1.18234	0.3251	0.32514	
1.91454 0	0	1.08488	1.08566	0.374587	0.374624	
1.93502 0	0	0.991087	0.991799	0.425362	0.425394	
1.9555 0	0	0.899174	0.899816	0.480352	0.480379	
1.97597 0	0	0.812161	0.812735	0.537281	0.5373	
1.99645 0	0	0.737185	0.737698	0.594971	0.594982	
2.01692 0	0	0.666135	0.666589	0.654317	0.65432	
2.0374 0	0	0.600999	0.601398	0.713449	0.713443	
2.05788 0	0	0.542877	0.543226	0.772981	0.772967	
2.07835 0	0	0.492888	0.493193	0.831625	0.831602	
2.09883 0	0	0.44541	0.445675	0.891428	0.8914	
2.11931 0	0	0.406516	0.406746	0.946137	0.946104	
2.13978 0	0	0.37209	0.372289	1.00254	1.0025	
2.16026 0	0	0.339932	0.340102	1.05449	1.05446	
2.18074 0	0	0.313051	0.313197	1.10521	1.10518	
2.20121 0	0	0.289422	0.289547	1.14984	1.14981	
2.22169 0	0	0.269653	0.269759	1.194	1.19399	
2.24217 0	0	0.252624	0.252714	1.23067	1.23067	
2.26264 0	0	0.236344	0.236418	1.26533	1.26535	
2.28312 0	0	0.224812	0.224872	1.29112	1.29116	
2.30359 0	0	0.213644	0.213692	1.31601	1.31608	
2.32407 0	0	0.204815	0.204851	1.33483	1.33492	
2.34455 0	0	0.198352	0.198378	1.34677	1.3469	
2.36502 2.1088e-05	2.10656e-05	0.192794	0.19281	1.35101	1.35116	
2.3855 4.66369e-05	4.65845e-05	0.190966	0.190973	1.35627	1.35646	
2.40598 0.000331113	0.000330721	0.188295	0.188292	1.34992	1.35013	
2.42645 0.00163275	0.00163072	0.189658	0.189646	1.3434	1.34364	
2.44693 0.00644678	0.00643834	0.191811	0.191789	1.32987	1.33013	
2.46741 0.0199167	0.0198894	0.195184	0.195151	1.31194	1.31222	
2.48788 0.0507383	0.0506655	0.200889	0.200845	1.2891	1.28941	
2.50836 0.118733	0.118555	0.208666	0.208609	1.26535	1.26568	
2.52883 0.235208	0.234844	0.218515	0.218443	1.23213	1.23247	
2.54931 0.422657	0.421987	0.229436	0.229349	1.19736	1.1977	
2.56979 0.681393	0.680297	0.24252	0.242415	1.1641	1.16445	
2.59026 1.01006	1.00843	0.259387	0.259261	1.12599	1.12633	
2.61074 1.38739	1.38519	0.277184	0.277035	1.0901	1.09044	
2.63122 1.78592	1.7832	0.297711	0.297535	1.04672	1.04705	
2.65169 2.1674	2.16429	0.32136	0.321154	1.01006	1.01038	
2.67217 2.50288	2.49957	0.34692	0.34668	0.970799	0.971103	
2.69265 2.76301	2.75973	0.374974	0.374697	0.935712	0.936	
2.71312 2.94818	2.94513	0.40396	0.403643	0.90027	0.900541	
2.7336 3.04676	3.0441	0.436871	0.436508	0.869586	0.869838	
2.75408 3.06121	3.05904	0.472943	0.47253	0.839414	0.839648	
2.77455 3.01071	3.00908	0.511027	0.51056	0.812369	0.812582	
2.79503 2.90477	2.90365	0.550285	0.549761	0.788774	0.788967	
2.8155 2.76508	2.76443	0.591891	0.591308	0.77008	0.770253	
2.83598 2.5951	2.59485	0.636281	0.635634	0.750121	0.750274	
2.85646 2.41465	2.4147	0.685269	0.684554	0.736378	0.736511	
2.87693 2.22645	2.22675	0.737267	0.736481	0.723281	0.723395	
2.89741 2.04981	2.05027	0.789371	0.788514	0.715123	0.715217	
2.91789 1.87794	1.87851	0.843909	0.842981	0.706545	0.706619	
2.93836 1.72389	1.72453	0.903249	0.902248	0.704081	0.704136	
2.95884 1.58104	1.58171	0.964815	0.963742	0.7014	0.701435	
2.97932 1.45407	1.45476	1.02659	1.02545	0.701424	0.701439	
2.99979 1.34946	1.35014	1.08917	1.08797	0.701992	0.701987	
3.02027 1.2491	1.24976	1.1524	1.15115	0.706302	0.706277	
3.04074 1.1694	1.17004	1.21422	1.21292	0.709989	0.709944	
3.06122 1.09688	1.09749	1.27728	1.27596	0.715741	0.715674	
3.0817 1.03755	1.03813	1.33209	1.33076	0.724045	0.723958	
3.10217 0.986833	0.987381	1.38664	1.38531	0.73037	0.730262	
3.12265 0.946967	0.947488	1.43165	1.43033	0.739286	0.739156	
3.14313 0.913802	0.914297	1.46959	1.46831	0.749485	0.749334	
3.1636 0.883938	0.884406	1.50522	1.50399	0.759731	0.759558	
3.18408 0.858514	0.858955	1.52885	1.52768	0.769138	0.768944	
3.20456 0.845025	0.845445	1.54623	1.54514	0.781739	0.781523	
3.22503 0.830419	0.830816	1.55607	1.55508	0.796233	0.795996	
3.24551 0.818797	0.819172	1.56152	1.56062	0.807032	0.806773	
3.26598 0.810876	0.81123	1.55842	1.55762	0.819612	0.819333	
3.28646 0.806622	0.806956	1.55299	1.55229	0.833477	0.833177	
3.30694 0.802663	0.802977	1.54091	1.54031	0.848048	0.847728	
3.32741 0.800339	0.800633	1.52545	1.52496	0.862912	0.862572	
3.34789 0.796327	0.7966	1.50886	1.50846	0.876579	0.87622	
3.36837 0.799389	0.799644	1.48608	1.48577	0.89086	0.890484	
3.38884 0.801939	0.802176	1.46435	1.46414	0.906319	0.905926	
3.40932 0.804967	0.805185	1.44203	1.44189	0.921323	0.920914	
3.4298 0.806185	0.806384	1.41836	1.41831	0.937357	0.936934	
3.45027 0.809246	0.809426	1.39332	1.39333	0.952325	0.951889	
3.47075 0.814425	0.814587	1.36637	1.36644	0.966834	0.966388	
3.49123 0.819092	0.819235	1.34346	1.3436	0.982174	0.981718	
3.5117 0.822465	0.82259	1.31561	1.31579	0.998257	0.997793	
3.53218 0.827902	0.828008	1.29013	1.29037	1.01271	1.01224	
3.55265 0.837729	0.837818	1.26481	1.26508	1.02765	1.02718	
3.57313 0.8418	0.841872	1.24242	1.24273	1.04212	1.04165	
3.59361 0.846271	0.846325	1.21659	1.21693	1.05639	1.05592	
3.61408 0.853264	0.853301	1.19336	1.19373	1.06849	1.06802	
3.63456 0.85922	0.85924	1.17425	1.17464	1.081	1.08054	
3.65504 0.864918	0.864922	1.15062	1.15102	1.09434	1.09388	
3.67551 0.874423	0.874411	1.1302	1.13062	1.10641	1.10597	
3.69599 0.878499	0.878471	1.10913	1.10956	1.11552	1.1151	
3.71647 0.885314	0.885271	1.09216	1.0926	1.12488	1.12448	
3.73694 0.895445	0.895388	1.07574	1.07618	1.1337	1.13331	
3.75742 0.900661	0.90059	1.06094	1.06139	1.14385	1.14348	
3.77789 0.907614	0.907529	1.0478	1.04825	1.1494	1.14905	
3.79837 0.915058	0.914961	1.03639	1.03684	1.15558	1.15527	
3.81885 0.926015	0.925906	1.02491	1.02536	1.16066	1.16037	
3.83932 0.933392	0.933272	1.0162	1.01664	1.16424	1.16398	
3.8598 0.938497	0.938367	1.00718	1.00762	1.1683	1.16807	
3.88028 0.946215	0.946076	1.0003	1.00075	1.16903	1.16883	
3.90075 0.951048	0.9509	0.995331	0.995771	1.16828	1.16812	
3.92123 0.962411	0.962256	0.989804	0.99024	1.16665	1.16652	
3.94171 0.968107	0.967946	0.985626	0.986058	1.16352	1.16342	
3.96218 0.976272	0.976105	0.982476	0.982904	1.1599	1.15983	
3.98266 0.98319	0.983019	0.979765	0.980189	1.15496	1.15492	
4.00314 0.994083	0.99391	0.979049	0.979469	1.14959	1.14958	
4.02361 0.998843	0.998669	0.97617	0.976584	1.14213	1.14215	
4.04409 1.00622	1.00605	0.974016	0.974425	1.13443	1.13448	
4.06456 1.0147	1.01453	0.972572	0.972976	1.1275	1.12757	
4.08504 1.02425	1.02408	0.972997	0.973396	1.12085	1.12095	
4.10552 1.02814	1.02798	0.971347	0.97174	1.11101	1.11113	
4.12599 1.03886	1.03869	0.97024	0.970628	1.10319	1.10333	
4.14647 1.04302	1.04287	0.970726	0.97111	1.09441	1.09457	
4.16695 1.05328	1.05313	0.969899	0.970277	1.08709	1.08726	
4.18742 1.05791	1.05778	0.968949	0.969321	1.08025	1.08043	
4.2079 1.06612	1.066	0.968831	0.969197	1.07136	1.07156	
4.22838 1.0713	1.07119	0.968911	0.969271	1.06526	1.06547	
4.24885 1.07736	1.07727	0.96745	0.967804	1.05972	1.05995	
4.26933 1.08185	1.08177	0.96635	0.966697	1.05551	1.05574	
4.2898 1.0866	1.08655	0.965789	0.966129	1.04941	1.04965	
4.31028 1.08876	1.08872	0.965505	0.965839	1.04464	1.04489	
4.33076 1.09699	1.09697	0.965095	0.965422	1.04264	1.0429	
4.35123 1.10062	1.10063	0.964661	0.964981	1.03849	1.03875	
4.37171 1.10042	1.10044	0.962581	0.962892	1.03632	1.0366	
4.39219 1.10261	1.10266	0.963448	0.963753	1.03459	1.03487	
4.41266 1.10701	1.10709	0.961038	0.961334	1.03316	1.03345	
4.43314 1.10891	1.10901	0.960499	0.960787	1.03134	1.03164	
4.45362 1.10919	1.10932	0.960076	0.960356	1.02997	1.03028	
4.47409 1.11181	1.11197	0.959175	0.959446	1.02888	1.02919	
4.49457 1.11258	1.11276	0.95891	0.959173	1.02898	1.0293	
4.51504 1.11197	1.11218	0.958471	0.958725	1.02641	1.02673	
4.53552 1.1101	1.11033	0.957191	0.957435	1.02593	1.02626	
4.556 1.11281	1.11307	0.956439	0.956674	1.02523	1.02556	
4.57647 1.10949	1.10978	0.95799	0.958216	1.02565	1.02598	
4.59695 1.10933	1.10966	0.957619	0.957836	1.02414	1.02448	
4.61743 1.10768	1.10803	0.957864	0.958072	1.02241	1.02276	
4.6379 1.10529	1.10567	0.957513	0.957711	1.02209	1.02244	
4.65838 1.10334	1.10374	0.959546	0.959735	1.02039	1.02075	
4.67886 1.1016	1.10203	0.959708	0.959889	1.01952	1.01988	
4.69933 1.09857	1.09903	0.960673	0.960845	1.01781	1.01818	
4.71981 1.09395	1.09442	0.96188	0.962043	1.01606	1.01643	
4.74029 1.09001	1.0905	0.962903	0.963057	1.01539	1.01576	
4.76076 1.08515	1.08567	0.963951	0.964098	1.01424	1.01461	
4.78124 1.08321	1.08375	0.966575	0.966713	1.01214	1.01252	
4.80171 1.07873	1.07929	0.968032	0.968164	1.00994	1.01031	
4.82219 1.0741	1.07468	0.969772	0.969897	1.00795	1.00833	
4.84267 1.06842	1.06901	0.972468	0.972586	1.00564	1.00602	
4.86314 1.06523	1.06583	0.974843	0.974955	1.00351	1.00389	
4.88362 1.06219	1.06281	0.977137	0.977243	1.00142	1.0018	
4.9041 1.05394	1.05457	0.978579	0.978681	0.998907	0.999287	
4.92457 1.05032	1.05097	0.982554	0.982651	0.996488	0.996866	
4.94505 1.04662	1.04727	0.983069	0.983162	0.9944	0.994776	
4.96553 1.04089	1.04156	0.985157	0.985246	0.992116	0.992489	
4.986 1.03668	1.03735	0.988487	0.988573	0.989702	0.990071	
5.00648 1.0314	1.03207	0.991712	0.991796	0.987627	0.987992	
5.02695 1.02516	1.02584	0.993196	0.993279	0.984133	0.984493	
5.04743 1.01818	1.01886	0.995634	0.995716	0.982284	0.982638	
5.06791 1.01441	1.01509	0.998915	0.998997	0.979948	0.980296	
5.08838 1.00783	1.00851	0.999925	1.00001	0.978146	0.978487	
5.10886 1.00462	1.0053	1.00271	1.00279	0.975812	0.976147	
5.12934 0.999191	0.999867	1.00478	1.00486	0.973568	0.973894	
5.14981 0.994868	0.99554	1.00667	1.00675	0.970802	0.971119	
5.17029 0.988905	0.98957	1.00875	1.00884	0.969249	0.969557	
5.19077 0.983493	0.98415	1.00996	1.01005	0.9677	0.967998	
5.21124 0.978533	0.979181	1.0111	1.0112	0.967184	0.967473	
5.23172 0.974705	0.975342	1.01271	1.01281	0.965219	0.965498	
5.2522 0.969404	0.970029	1.01374	1.01385	0.964338	0.964606	
5.27267 0.965627	0.96624	1.01643	1.01654	0.963034	0.963291	
5.29315 0.957814	0.95841	1.01612	1.01623	0.961852	0.962098	
5.31362 0.955317	0.955899	1.01914	1.01926	0.961483	0.961717	
5.3341 0.948502	0.949065	1.02021	1.02033	0.960638	0.960861	
5.35458 0.946037	0.946582	1.01943	1.01956	0.961151	0.961361	
5.37505 0.94112	0.941645	1.0199	1.02004	0.960275	0.960474	
5.39553 0.936555	0.937059	1.02145	1.0216	0.960923	0.96111	
5.41601 0.933391	0.933874	1.02137	1.02152	0.961796	0.961971	
5.43648 0.927944	0.928402	1.02123	1.02139	0.960813	0.960977	
5.45696 0.924085	0.924518	1.02104	1.02121	0.961748	0.9619	
5.47744 0.921978	0.922387	1.02047	1.02065	0.962522	0.962662	
5.49791 0.918935	0.919318	1.02088	1.02106	0.9638	0.963929	
5.51839 0.914065	0.914421	1.02014	1.02032	0.963961	0.964078	
5.53886 0.911359	0.911687	1.01894	1.01914	0.964866	0.964972	
5.55934 0.910834	0.911134	1.01901	1.01922	0.966801	0.966896	
5.57982 0.907119	0.907389	1.01695	1.01716	0.967656	0.967741	
5.60029 0.906089	0.906329	1.01655	1.01677	0.970042	0.970117	
5.62077 0.905506	0.905717	1.01476	1.01498	0.971393	0.971459	
5.64125 0.905448	0.905629	1.01256	1.01278	0.972721	0.972778	
5.66172 0.906448	0.9066	1.01153	1.01175	0.973942	0.97399	
5.6822 0.904102	0.904223	1.01017	1.0104	0.975362	0.975401	
5.70268 0.904816	0.904907	1.00939	1.00962	0.977361	0.977392	
5.72315 0.905661	0.905721	1.0064	1.00664	0.978265	0.978289	
5.74363 0.907452	0.907482	1.00385	1.00409	0.98157	0.981588	
5.76411 0.908986	0.908986	1.00253	1.00277	0.982665	0.982676	
5.78458 0.912221	0.912191	1.0009	1.00114	0.98468	0.984685	
5.80506 0.912552	0.912493	0.998053	0.998287	0.98638	0.986381	
5.82553 0.913871	0.913783	0.996825	0.997059	0.988527	0.988524	
5.84601 0.91794	0.917823	0.99474	0.994971	0.989725	0.989718	
5.86649 0.920552	0.920406	0.991778	0.992005	0.991821	0.99181	
5.88696 0.925527	0.925354	0.990553	0.990776	0.992758	0.992745	
5.90744 0.927901	0.927703	0.988462	0.988681	0.994049	0.994033	
5.92792 0.931011	0.930786	0.985382	0.985595	0.995445	0.995428	
5.94839 0.934721	0.934472	0.983751	0.983957	0.996748	0.99673	
5.96887 0.937425	0.937152	0.981932	0.982131	0.998696	0.998677	
5.98935 0.943069	0.942773	0.980078	0.980269	0.998959	0.998939	
6.00982 0.944711	0.944394	0.977586	0.977768	1.00082	1.0008	
6.0303 0.950192	0.949854	0.975752	0.975924	1.00149	1.00147	
6.05077 0.954655	0.954298	0.975574	0.975736	1.0022	1.00218	
6.07125 0.957821	0.957446	0.973769	0.973921	1.0033	1.00328	
6.09173 0.96152	0.961129	0.972551	0.972692	1.00331	1.00329	
6.1122 0.965595	0.965187	0.971617	0.971746	1.00411	1.00409	
6.13268 0.967868	0.967447	0.970018	0.970135	1.00442	1.00441	
6.15316 0.972153	0.971718	0.969446	0.969551	1.00498	1.00497	
6.17363 0.976018	0.975571	0.969004	0.969096	1.00602	1.00601	
6.19411 0.978772	0.978315	0.968841	0.968921	1.0057	1.00569	
6.21459 0.984331	0.983865	0.968158	0.968225	1.00525	1.00525	
6.23506 0.988723	0.988249	0.968047	0.9681	1.00579	1.00579	
6.25554 0.991571	0.991092	0.967514	0.967553	1.006	1.00601	
6.27601 0.994967	0.994485	0.967979	0.968004	1.00527	1.00528	
6.29649 0.9978	0.997315	0.967988	0.968	1.00457	1.00458	
6.31697 0.999939	0.999453	0.968055	0.968053	1.00555	1.00556	
6.33744 1.00398	1.00349	0.968464	0.968448	1.0046	1.00462	
6.35792 1.00711	1.00663	0.968883	0.968854	1.00458	1.00459	
6.3784 1.01173	1.01125	0.971108	0.971066	1.00377	1.00379	
6.39887 1.01301	1.01254	0.970485	0.97043	1.00321	1.00323	
6.41935 1.01536	1.01489	0.971402	0.971335	1.00347	1.00348	
6.43983 1.01696	1.0165	0.972784	0.972705	1.00304	1.00306	
6.4603 1.02173	1.02127	0.973904	0.973812	1.00204	1.00206	
6.48078 1.02207	1.02163	0.975193	0.97509	1.00194	1.00196	
6.50126 1.026	1.02557	0.975973	0.975859	1.00147	1.00149	
6.52173 1.02752	1.02709	0.977252	0.977127	1.00159	1.00161	
6.54221 1.0296	1.02919	0.979382	0.979248	0.999668	0.999691	
6.56268 1.03038	1.02998	0.980007	0.979862	0.999766	0.999789	
6.58316 1.034	1.03362	0.981232	0.981079	0.999271	0.999294	
6.60364 1.03396	1.03359	0.983191	0.983029	0.99885	0.998872	
6.62411 1.03624	1.0359	0.984137	0.983967	0.998671	0.998692	
6.64459 1.03654	1.03621	0.985041	0.984864	0.998431	0.998452	
6.66507 1.039	1.03869	0.987189	0.987005	0.998796	0.998816	
6.68554 1.03946	1.03918	0.988676	0.988486	0.997833	0.997852	
6.70602 1.03924	1.03897	0.989763	0.989567	0.997419	0.997437	
6.7265 1.04211	1.04186	0.991063	0.990863	0.997696	0.997713	
6.74697 1.04223	1.042	0.992938	0.992734	0.996623	0.996638	
6.76745 1.04137	1.04117	0.993936	0.993728	0.997473	0.997486	
6.78792 1.04273	1.04255	0.996828	0.996618	0.997682	0.997694	
6.8084 1.04265	1.04249	0.99768	0.997468	0.996863	0.996873	
6.82888 1.04393	1.0438	0.998716	0.998504	0.996818	0.996827	
6.84935 1.04256	1.04245	1.00059	1.00038	0.996938	0.996946	
6.86983 1.04412	1.04403	1.00143	1.00122	0.996648	0.996654	
6.89031 1.04176	1.0417	1.00362	1.00341	0.996937	0.996942	
6.91078 1.0438	1.04377	1.00427	1.00406	0.99711	0.997113	
6.93126 1.04229	1.04228	1.00611	1.0059	0.997345	0.997347	
6.95174 1.04105	1.04106	1.00663	1.00642	0.998023	0.998023	
6.97221 1.04062	1.04065	1.00749	1.00729	0.997379	0.997377	
6.99269 1.04073	1.04079	1.00873	1.00853	0.997357	0.997354	
7.01317 1.03919	1.03927	1.00937	1.00918	0.99852	0.998516	
7.03364 1.0373	1.0374	1.01159	1.0114	0.998522	0.998518	
7.05412 1.03706	1.03719	1.0126	1.01243	0.998657	0.998652	
7.07459 1.03535	1.03549	1.01362	1.01345	0.99822	0.998214	
7.09507 1.035	1.03517	1.01412	1.01396	0.999128	0.999122	
7.11555 1.03469	1.03488	1.01573	1.01557	0.999463	0.999456	
7.13602 1.03158	1.03178	1.01587	1.01573	0.999526	0.999519	
7.1565 1.03059	1.03081	1.01761	1.01747	0.999704	0.999697	
7.17698 1.02878	1.02902	1.01782	1.01769	1.00054	1.00053	
7.19745 1.02725	1.0275	1.01833	1.01822	1.0005	1.00049	
7.21793 1.02672	1.02699	1.01811	1.01801	1.00058	1.00057	
7.23841 1.02425	1.02453	1.01934	1.01925	1.0007	1.0007	
7.25888 1.02208	1.02237	1.01982	1.01974	1.00057	1.00056	
7.27936 1.02139	1.0217	1.02003	1.01997	1.0013	1.0013	
7.29983 1.01918	1.0195	1.02074	1.02069	1.00225	1.00224	
7.32031 1.01787	1.0182	1.02059	1.02055	1.00247	1.00247	
7.34079 1.01558	1.01592	1.02215	1.02212	1.00266	1.00266	
7.36126 1.01515	1.0155	1.0219	1.02189	1.00298	1.00298	
7.38174 1.01246	1.01282	1.02183	1.02184	1.00237	1.00238	
7.40222 1.01068	1.01105	1.02114	1.02116	1.00243	1.00244	
7.42269 1.00941	1.00978	1.02164	1.02167	1.00329	1.0033	
7.44317 1.00781	1.00819	1.02059	1.02064	1.00399	1.004	
7.46365 1.00594	1.00632	1.0216	1.02166	1.0041	1.00411	
7.48412 1.00442	1.0048	1.02082	1.02089	1.0039	1.00392	
7.5046 1.00315	1.00353	1.02097	1.02106	1.00462	1.00463	
7.52507 1.00209	1.00248	1.02057	1.02066	1.00543	1.00545	
7.54555 1.00138	1.00177	1.0209	1.02102	1.00466	1.00469	
7.56603 0.999886	1.00027	1.02144	1.02157	1.00445	1.00448	
7.5865 0.997177	0.997559	1.02023	1.02037	1.00478	1.00481	
7.60698 0.997623	0.998004	1.01957	1.01973	1.0049	1.00493	
7.62746 0.994664	0.995041	1.01877	1.01893	1.0054	1.00544	
7.64793 0.995143	0.995517	1.01841	1.01859	1.00566	1.0057	
7.66841 0.993519	0.993888	1.01735	1.01754	1.00577	1.00581	
7.68889 0.992441	0.992805	1.01762	1.01782	1.00515	1.0052	
7.70936 0.991281	0.991639	1.01646	1.01667	1.00572	1.00577	
7.72984 0.991105	0.991457	1.01622	1.01644	1.00607	1.00613	
7.75032 0.991155	0.991501	1.01524	1.01548	1.00617	1.00623	
7.77079 0.989024	0.989361	1.01366	1.0139	1.00649	1.00656	
7.79127 0.987923	0.988252	1.01369	1.01394	1.00591	1.00598	
7.81174 0.989129	0.989452	1.01241	1.01267	1.00639	1.00647	
7.83222 0.98832	0.988634	1.01173	1.012	1.00671	1.00679	
7.8527 0.986324	0.986628	1.01053	1.01081	1.0074	1.00748	
7.87317 0.986515	0.98681	1.00965	1.00994	1.00634	1.00643	
7.89365 0.986946	0.987232	1.00917	1.00946	1.00658	1.00668	
7.91413 0.985075	0.98535	1.00861	1.00891	1.00698	1.00708	
7.9346 0.985591	0.985856	1.00744	1.00775	1.00681	1.00691	
7.95508 0.986344	0.9866	1.00572	1.00603	1.00698	1.00709	
7.97556 0.986649	0.986894	1.00602	1.00634	1.00694	1.00706	
7.99603 0.987262	0.987499	1.004	1.00432	1.00702	1.00714	
8.01651 0.986383	0.98661	1.00355	1.00387	1.00636	1.00649	
8.03698 0.986101	0.986318	1.00295	1.00327	1.00684	1.00697	
8.05746 0.986357	0.986563	1.00157	1.00189	1.00663	1.00677	
8.07794 0.986133	0.98633	1.00123	1.00155	1.00603	1.00617	
8.09841 0.98759	0.987777	1.00054	1.00087	1.00616	1.0063	
8.11889 0.98735	0.987528	0.999633	0.999957	1.00625	1.0064	
8.13937 0.986998	0.987166	0.998135	0.998458	1.00618	1.00634	
8.15984 0.987899	0.988058	0.997897	0.998218	1.0054	1.00556	
8.18032 0.988171	0.988321	0.996989	0.997307	1.00551	1.00567	
8.2008 0.988075	0.988216	0.996547	0.996863	1.0047	1.00487	
8.22127 0.987979	0.98811	0.995392	0.995704	1.00558	1.00575	
8.24175 0.989406	0.98953	0.995126	0.995435	1.00514	1.00532	
8.26223 0.990605	0.990721	0.994161	0.994465	1.00491	1.00509	
8.2827 0.98882	0.988927	0.99366	0.993959	1.0043	1.00449	
8.30318 0.991458	0.991559	0.992995	0.993288	1.00447	1.00466	
8.32365 0.989878	0.98997	0.993093	0.993381	1.00438	1.00457	
8.34413 0.990426	0.990511	0.991794	0.992075	1.00384	1.00403	
8.36461 0.993339	0.993419	0.991482	0.991757	1.00368	1.00388	
8.38508 0.993567	0.993641	0.991301	0.991569	1.00292	1.00312	
8.40556 0.993513	0.993582	0.990774	0.991034	1.0026	1.0028	
8.42604 0.993579	0.993642	0.990031	0.990282	1.00258	1.00278	
8.44651 0.994322	0.994381	0.990581	0.990825	1.00205	1.00226	
8.46699 0.994812	0.994867	0.989905	0.990141	1.00148	1.00169	
8.48747 0.99458	0.99463	0.98932	0.989546	1.0012	1.00141	
8.50794 0.994874	0.99492	0.990255	0.990474	1.0009	1.00111	
8.52842 0.996273	0.996316	0.989023	0.989232	1.00081	1.00102	
8.54889 0.996565	0.996605	0.989114	0.989314	1.00012	1.00033	
8.56937 0.996137	0.996174	0.989009	0.9892	0.999997	1.00021	
8.58985 0.99765	0.997685	0.989213	0.989394	0.999191	0.999402	
8.61032 0.999124	0.999158	0.98898	0.989152	0.998934	0.999144	
8.6308 0.997944	0.997976	0.989292	0.989455	0.999233	0.999442	
8.65128 0.999469	0.999501	0.989797	0.989951	0.998727	0.998935	
8.67175 0.999691	0.999723	0.989436	0.98958	0.997678	0.997884	
8.69223 0.999694	0.999725	0.9894	0.989535	0.998294	0.998498	
8.71271 0.999438	0.999469	0.989735	0.989861	0.997501	0.997703	
8.73318 0.999476	0.999507	0.989506	0.989623	0.997291	0.997491	
8.75366 0.99979	0.99982	0.990409	0.990518	0.997319	0.997517	
8.77414 1.00078	1.00081	0.990058	0.990158	0.996844	0.997039	
8.79461 1.00087	1.0009	0.990478	0.990569	0.996763	0.996955	
8.81509 1.00008	1.00011	0.991199	0.991282	0.996276	0.996465	
8.83556 1.00078	1.00081	0.991629	0.991704	0.995594	0.995779	
8.85604 1.0007	1.00073	0.991145	0.991212	0.995728	0.995909	
8.87652 1.00126	1.0013	0.991166	0.991225	0.99484	0.995016	
8.89699 1.00208	1.00211	0.992545	0.992597	0.995233	0.995405	
8.91747 1.00211	1.00215	0.992522	0.992567	0.995363	0.99553	
8.93795 1.00219	1.00223	0.992531	0.992569	0.994878	0.995041	
8.95842 1.0012	1.00124	0.993496	0.993527	0.99442	0.994578	
8.9789 1.00098	1.00103	0.994026	0.994051	0.994556	0.994708	
8.99938 1.00074	1.00078	0.994064	0.994084	0.994603	0.99475	
9.01985 1.00135	1.00139	0.994376	0.99439	0.994636	0.994778	
9.04033 1.00269	1.00274	0.994365	0.994373	0.993774	0.99391	
9.0608 1.0013	1.00134	0.995145	0.995149	0.995061	0.995192	
9.08128 1.00271	1.00276	0.99574	0.99574	0.994565	0.99469	
9.10176 1.00165	1.0017	0.996138	0.996134	0.994191	0.994312	
9.12223 1.0008	1.00086	0.996307	0.996299	0.994451	0.994566	
9.14271 1.00293	1.00298	0.996587	0.996575	0.994844	0.994954	
9.16319 1.00121	1.00127	0.996334	0.996319	0.994491	0.994595	
9.18366 1.00115	1.00121	0.997162	0.997144	0.994318	0.994416	
9.20414 1.00193	1.00199	0.997566	0.997545	0.994289	0.994381	
9.22462 1.00168	1.00174	0.998353	0.99833	0.994294	0.994381	
9.24509 1.0008	1.00087	0.997908	0.997883	0.994797	0.994879	
9.26557 1.00021	1.00027	0.99851	0.998483	0.994388	0.994464	
9.28604 1.00042	1.00049	0.999151	0.999124	0.9949	0.994971	
9.30652 1.0008	1.00087	0.998992	0.998964	0.995206	0.995271	
9.327 1.00031	1.00038	0.99904	0.99901	0.99563	0.995691	
9.34747 1.0005	1.00057	1.00002	0.999995	0.995581	0.995637	
9.36795 1.00056	1.00063	0.999978	0.999949	0.995391	0.995442	
9.38843 1.00021	1.00028	1.00028	1.00025	0.99546	0.995506	
9.4089 0.999183	0.99925	1.00094	1.00091	0.995613	0.995655	
9.42938 0.999593	0.99966	1.00055	1.00053	0.995515	0.995552	
9.44986 0.999863	0.99993	1.0012	1.00117	0.995942	0.995974	
9.47033 0.99868	0.998746	1.00121	1.00119	0.996245	0.996273	
9.49081 0.998474	0.998538	1.00081	1.00079	0.996411	0.996435	
9.51129 0.998819	0.998882	1.00187	1.00185	0.996978	0.996999	
9.53176 0.999049	0.999111	1.00164	1.00162	0.996606	0.996623	
9.55224 0.998409	0.998469	1.0016	1.00158	0.99678	0.996793	
9.57271 0.999189	0.999248	1.00208	1.00206	0.997566	0.997577	
9.59319 0.99953	0.999589	1.00246	1.00245	0.997452	0.99746	
9.61367 0.999026	0.999083	1.00227	1.00226	0.99761	0.997615	
9.63414 0.998267	0.998323	1.00256	1.00255	0.99784	0.997842	
9.65462 0.998264	0.998318	1.00265	1.00264	0.998215	0.998216	
9.6751 0.997389	0.99744	1.00279	1.00278	0.998278	0.998276	
9.69557 0.99844	0.99849	1.00253	1.00253	0.998805	0.998801	
9.71605 0.997337	0.997383	1.00279	1.0028	0.998527	0.998523	
9.73653 0.997841	0.997884	1.00288	1.00289	0.998639	0.998633	
9.757 0.99801	0.998052	1.00335	1.00336	0.998727	0.998719	
9.77748 0.998177	0.998216	1.00265	1.00267	0.998969	0.99896	
9.79795 0.998187	0.998223	1.00312	1.00314	0.999319	0.999309	
9.81843 0.998731	0.998767	1.00298	1.003	0.999769	0.999759	
9.83891 0.997578	0.99761	1.00335	1.00338	0.999471	0.99946	
9.85938 0.998601	0.998632	1.00258	1.00261	0.999864	0.999853	
9.87986 0.998431	0.99846	1.00296	1.003	1.00019	1.00018	
9.90034 0.997608	0.997634	1.00266	1.00269	1.00063	1.00062	
9.92081 0.997706	0.997729	1.00306	1.0031	1.00082	1.00081	
9.94129 0.999114	0.999136	1.00301	1.00306	1.00079	1.00078	
9.96177 0.998032	0.998052	1.00222	1.00227	1.0008	1.00079	
9.98224 0.998053	0.99807	1.00247	1.00252	1.00111	1.0011	
10.0027 0.999109	0.999125	1.00213	1.00219	1.00122	1.00121	
10.0232 0.99849	0.998505	1.00224	1.0023	1.00146	1.00145	
10.0437 0.999219	0.999232	1.00211	1.00217	1.0017	1.0017	
10.0641 0.998999	0.999011	1.00191	1.00197	1.00182	1.00182	
10.0846 0.999419	0.99943	1.00203	1.0021	1.00171	1.00171	
10.1051 0.999639	0.99965	1.00162	1.00169	1.00215	1.00216	
10.1256 0.99969	0.9997	1.00176	1.00183	1.0018	1.00181	
10.1461 0.999162	0.999171	1.00178	1.00185	1.00186	1.00188	
10.1665 1.00001	1.00002	1.00156	1.00164	1.00156	1.00157	
10.187 0.998992	0.999	1.00169	1.00177	1.00186	1.00188	
10.2075 1.00003	1.00003	1.00145	1.00153	1.00267	1.00269	
10.228 0.999507	0.999514	1.00156	1.00164	1.0018	1.00183	
10.2484 0.999828	0.999835	1.00097	1.00105	1.00194	1.00197	
10.2689 1.0003	1.00031	1.00125	1.00133	1.00206	1.00209	
10.2894 0.99947	0.999477	1.001	1.00109	1.00186	1.00189	
10.3099 1.00048	1.00049	1.00087	1.00096	1.00224	1.00228	
10.3303 1.00023	1.00024	1.00134	1.00142	1.0021	1.00214	
10.3508 1.0008	1.00081	1.00043	1.00052	1.00232	1.00236	
10.3713 1.00147	1.00148	1.00036	1.00045	1.00248	1.00252	
10.3918 1.00105	1.00106	1.0003	1.0004	1.00247	1.00251	
10.4122 1.00074	1.00075	1.00017	1.00026	1.00236	1.00241	
10.4327 1.00154	1.00156	1.00047	1.00056	1.00252	1.00257	
10.4532 1.0015	1.00152	1.0005	1.0006	1.0024	1.00245	
10.4737 1.00224	1.00226	1.00019	1.00029	1.00186	1.00193	
10.4942 1.00166	1.00168	0.999789	0.999883	1.0023	1.00236	
10.5146 1.00072	1.00075	0.999826	0.99992	1.00181	1.00188	
10.5351 1.00144	1.00146	1.00017	1.00027	1.002	1.00207	
10.5556 1.00216	1.00219	0.999903	0.999996	1.00196	1.00204	
10.5761 1.00108	1.00111	0.999872	0.999966	1.00198	1.00206	
10.5965 1.0024	1.00244	0.999778	0.999871	1.0017	1.00177	
10.617 1.00242	1.00246	0.999746	0.999839	1.00206	1.00215	
10.6375 1.00177	1.00181	0.999579	0.999672	1.00191	1.00199	
10.658 1.00287	1.00292	0.999551	0.999643	1.00174	1.00182	
10.6784 1.00201	1.00206	0.999908	1	1.00168	1.00177	
10.6989 1.00239	1.00244	0.999881	0.999973	1.00159	1.00168	
10.7194 1.00249	1.00255	0.999659	0.999751	1.00131	1.0014	
10.7399 1.00355	1.00361	0.999704	0.999795	1.00165	1.00175	
10.7603 1.00293	1.003	0.999358	0.999448	1.00116	1.00126	
10.7808 1.00242	1.0025	0.999471	0.999561	1.00177	1.00188	
10.8013 1.00313	1.00321	0.999347	0.999436	1.0007	1.0008	
10.8218 1.00295	1.00303	0.999459	0.999547	1.00093	1.00104	
10.8423 1.00156	1.00164	0.999828	0.999916	1.00117	1.00128	
10.8627 1.00276	1.00285	0.999636	0.999724	1.00121	1.00132	
10.8832 1.00322	1.00332	0.999582	0.999669	1.00021	1.00032	
10.9037 1.00295	1.00305	0.999965	1.00005	1.00098	1.00109	
10.9242 1.00215	1.00226	0.999537	0.999623	1.0005	1.00061	
10.9446 1.00215	1.00226	0.999408	0.999494	1.0007	1.00081	
10.9651 1.0024	1.00251	1.00014	1.00022	1.00031	1.00043	
10.9856 1.00243	1.00255	0.999576	0.999661	1.00053	1.00065	
11.0061 1.00156	1.00168	0.999574	0.999659	0.999926	1.00004	
11.0265 1.00186	1.00198	1.00015	1.00023	1.00021	1.00033	
11.047 1.00209	1.00221	0.999522	0.999607	0.999993	1.00011	
11.0675 1.00186	1.00198	1.00058	1.00067	0.99985	0.999967	
11.088 1.00165	1.00178	0.999647	0.999733	0.999655	0.999772	
11.1084 1.00165	1.00179	1.00009	1.00017	0.999837	0.999954	
11.1289 1.00169	1.00182	0.999608	0.999693	1.00009	1.00021	
11.1494 1.0012	1.00134	1.00011	1.0002	0.99974	0.999857	
11.1699 1.0022	1.00234	1.00009	1.00018	1	1.00012	
11.1903 1.0018	1.00195	0.999954	1.00004	0.99974	0.999856	
11.2108 1.00141	1.00156	1.00022	1.0003	0.999618	0.999734	
11.2313 1.00137	1.00152	1.0002	1.00028	0.999768	0.999884	
11.2518 1.00109	1.00124	1.0003	1.00038	0.999524	0.99964	
11.2723 1.00176	1.00191	1.00015	1.00024	0.999848	0.999964	
11.2927 1.00182	1.00199	1.00027	1.00036	0.999505	0.99962	
11.3132 1.00058	1.00074	1.00029	1.00038	0.999154	0.999267	
11.3337 1.00142	1.00159	1.0005	1.00059	0.99969	0.999803	
11.3542 1.00125	1.00142	1.0002	1.00029	0.999066	0.999178	
11.3746 1.0011	1.00127	1.00073	1.00082	0.999588	0.999699	
11.3951 1.00028	1.00045	1.00008	1.00018	0.999802	0.999913	
11.4156 0.999852	1.00002	1.00006	1.00015	0.999599	0.99971	
11.4361 1.00053	1.0007	1.00046	1.00055	0.999821	0.999932	
11.4565 0.999488	0.999659	1.00057	1.00066	0.99923	0.999339	
11.477 1.00022	1.0004	1.00037	1.00047	0.999498	0.999606	
11.4975 0.999121	0.999292	1.00049	1.00059	0.999205	0.999312	
11.518 0.999584	0.999754	1.00033	1.00042	0.99979	0.999897	
11.5384 0.999473	0.999643	1.00023	1.00033	0.999322	0.999428	
11.5589 0.998785	0.998953	1.00022	1.00032	0.999536	0.99964	
11.5794 0.999952	1.00012	1.00073	1.00083	0.998999	0.999102	
11.5999 0.99959	0.999758	1.00045	1.00055	0.999128	0.99923	
11.6204 0.999768	0.999936	1.00009	1.00019	0.999116	0.999216	
11.6408 0.999132	0.999298	1.00016	1.00026	0.999276	0.999375	
11.6613 0.998225	0.998388	1.00017	1.00027	0.999196	0.999293	
11.6818 0.998405	0.998565	1.00104	1.00115	0.999308	0.999404	
11.7023 0.999425	0.999585	1.00095	1.00105	0.999693	0.999789	
11.7227 0.998739	0.998896	1.00051	1.00062	0.999455	0.99955	
11.7432 0.999703	0.99986	1.0006	1.00071	0.999662	0.999756	
11.7637 0.998647	0.998802	1.00049	1.0006	0.999294	0.999387	
11.7842 0.9996	0.999754	1.00036	1.00047	0.999196	0.999287	
11.8046 0.99769	0.997839	0.999997	1.00011	0.999478	0.999568	
11.8251 0.998222	0.998368	0.999898	1.00001	0.99956	0.99965	
11.8456 0.998809	0.998953	1.00057	1.00068	0.999048	0.999136	
11.8661 0.998817	0.998958	0.999936	1.00005	0.999724	0.999812	
11.8865 0.998835	0.998975	0.999797	0.999911	0.999926	1.00001	
11.907 0.997741	0.997876	1.00003	1.00015	0.999614	0.999702	
11.9275 0.998121	0.998253	1.0001	1.00021	0.999524	0.99961	
11.948 0.997859	0.997986	0.999347	0.999461	0.999801	0.999888	
11.9685 0.997805	0.997928	1.00046	1.00057	0.99971	0.999796	
11.9889 0.997877	0.997995	0.999806	0.999921	0.999583	0.999668	
12.0094 0.998403	0.998518	1.00009	1.00021	1.00008	1.00017	
12.0299 0.998542	0.998654	1.00014	1.00026	1.00019	1.00028	
12.0504 0.998289	0.998398	1.00003	1.00014	0.999464	0.999549	
12.0708 0.997934	0.998038	0.999935	1.00005	0.999735	0.99982	
12.0913 0.997984	0.998084	0.99976	0.999876	1.00026	1.00034	
12.1118 0.998662	0.998759	0.999829	0.999945	0.999796	0.999881	
12.1323 0.998706	0.9988	0.999617	0.999733	0.999508	0.999592	
12.1527 0.998266	0.998357	0.9994	0.999514	0.999735	0.999819	
12.1732 0.998428	0.998516	0.999758	0.999872	0.999653	0.999736	
12.1937 0.998604	0.998688	0.999848	0.999962	0.999689	0.999772	
12.2142 0.998175	0.998255	0.999526	0.999639	0.999923	1.00001	
12.2346 0.998007	0.998083	0.999808	0.999921	1.00042	1.0005	
12.2551 0.998819	0.998892	0.999572	0.999685	1.00019	1.00027	
12.2756 0.998364	0.998433	0.999248	0.999359	0.999835	0.999919	
12.2961 0.999645	0.999714	0.999757	0.999867	0.999764	0.999848	
12.3166 0.998669	0.998735	0.999452	0.999561	0.999916	1	
12.337 0.998602	0.998665	0.999339	0.999447	0.999713	0.999797	
12.3575 0.99845	0.998509	0.999392	0.999499	1.00001	1.00009	
12.378 0.998494	0.99855	0.999346	0.999452	1.00029	1.00037	
12.3985 0.998754	0.998807	0.999219	0.999323	1.00008	1.00016	
12.4189 0.998145	0.998193	0.999406	0.999509	1.00056	1.00064	
12.4394 0.99899	0.999036	0.999403	0.999504	1.00038	1.00046	
12.4599 0.999276	0.99932	0.998984	0.999083	1.00033	1.00042	
12.4804 0.999186	0.999228	0.999126	0.999223	0.99965	0.999738	
12.5008 0.998828	0.998868	0.999451	0.999547	0.999303	0.99939	
12.5213 0.999609	0.999648	0.999279	0.999374	0.999787	0.999873	
12.5418 0.999211	0.999248	0.999377	0.99947	0.999702	0.999788	
12.5623 0.999444	0.99948	0.999814	0.999907	0.999799	0.999884	
12.5827 0.999497	0.999531	0.999033	0.999124	0.999902	0.999987	
12.6032 0.99988	0.999915	0.999512	0.999601	0.99995	1.00004	
12.6237 0.999925	0.999959	0.998934	0.999021	0.999527	0.999612	
12.6442 0.99962	0.999653	0.998915	0.999	0.999668	0.999752	
12.6647 0.9991	0.999131	0.999191	0.999274	0.999794	0.999878	
12.6851 0.999635	0.999665	0.99925	0.999331	1.00021	1.0003	
12.7056 0.999483	0.999512	0.999381	0.99946	1.00021	1.0003	
12.7261 0.999348	0.999375	0.999506	0.999585	0.999794	0.999879	
12.7466 0.999458	0.999484	0.999246	0.999323	0.999982	1.00007	
12.767 0.99975	0.999775	0.999093	0.999167	0.999544	0.999628	
12.7875 0.999886	0.999911	0.999272	0.999345	1.00002	1.0001	
12.808 0.999711	0.999736	0.999394	0.999465	0.999893	0.999977	
12.8285 1.00006	1.00008	0.99958	0.999651	0.999958	1.00004	
12.8489 0.999843	0.999867	0.99975	0.99982	0.999995	1.00008	
12.8694 0.999651	0.999674	0.999313	0.999381	1.00004	1.00013	
12.8899 0.999945	0.999968	0.999114	0.999179	0.999723	0.999808	
12.9104 1.00044	1.00047	0.999043	0.999107	1.00004	1.00013	
12.9308 1.00039	1.00042	0.999123	0.999184	0.999916	1	
12.9513 0.999716	0.999741	0.999252	0.999311	0.999103	0.999185	
12.9718 1.00042	1.00045	0.999583	0.999641	0.999941	1.00002	
12.9923 1.00062	1.00065	0.999287	0.999343	0.999486	0.999567	
13.0127 1.00095	1.00099	0.999402	0.999456	0.999688	0.999768	
13.0332 1.00013	1.00016	0.999448	0.999501	0.999954	1.00003	
13.0537 0.999661	0.999691	0.999446	0.999498	0.99993	1.00001	
13.0742 1.00044	1.00047	0.999786	0.999837	0.999682	0.999762	
13.0947 1.00043	1.00046	0.999363	0.999412	0.999769	0.999849	
13.1151 1.00062	1.00066	0.999729	0.999778	0.999512	0.99959	
13.1356 1.00078	1.00082	0.999737	0.999785	1.00001	1.00009	
13.1561 1.00119	1.00124	0.999673	0.999721	0.999991	1.00007	
13.1766 1.0002	1.00025	0.999712	0.999758	0.999327	0.999404	
13.197 1.00092	1.00096	0.99916	0.999204	0.99969	0.999766	
13.2175 1.00034	1.00039	0.999497	0.99954	0.999897	0.999974	
13.238 1.0003	1.00034	0.999421	0.999462	0.999607	0.999682	
13.2585 1.00049	1.00054	0.999515	0.999555	0.999571	0.999645	
13.2789 1.00119	1.00124	0.999755	0.999794	0.99958	0.999653	
13.2994 1.00004	1.00009	1.00034	1.00038	0.999732	0.999805	
13.3199 1.00028	1.00033	0.999786	0.999826	0.99989	0.999962	
13.3404 1.00038	1.00044	1.00005	1.00009	0.999715	0.999786	
13.3608 1.00114	1.0012	0.999937	0.999977	0.999845	0.999916	
13.3813 1.00037	1.00043	0.999865	0.999904	0.999568	0.999638	
13.4018 1.00043	1.00049	0.999914	0.999953	0.999965	1.00004	
13.4223 1.00017	1.00023	0.999736	0.999774	0.999563	0.999632	
13.4428 1.00026	1.00032	1.00004	1.00008	0.999485	0.999552	
13.4632 1.00061	1.00067	0.999668	0.999706	0.999947	1.00001	
13.4837 1.00087	1.00094	1.00038	1.00042	1.00022	1.00029	
13.5042 1.00019	1.00026	1.0002	1.00024	0.999937	1.00001	
13.5247 1.00082	1.00089	1.0001	1.00014	0.999851	0.99992	
13.5451 0.99992	0.999993	1.00021	1.00026	0.99991	0.999978	
13.5656 1.00092	1.00099	1.00011	1.00015	1	1.00007	
13.5861 0.999672	0.999748	1.00023	1.00027	0.999621	0.999688	
13.6066 1.00143	1.00151	1.00045	1.00049	0.999977	1.00004	
13.627 0.999833	0.999914	1.00035	1.0004	0.999381	0.999447	
13.6475 1.00049	1.00057	1.00032	1.00037	0.999822	0.999887	
13.668 1.00004	1.00013	1.00018	1.00023	0.999905	0.99997	
13.6885 1.00058	1.00067	1.00013	1.00018	0.9996	0.999664	
13.7089 1.00068	1.00077	1.00048	1.00053	0.999645	0.999708	
13.7294 1.00025	1.00034	1.0007	1.00076	1.00013	1.00019	
13.7499 1.00061	1.0007	1.00014	1.00019	0.999628	0.999691	
13.7704 1.00032	1.00042	1.00052	1.00058	0.999787	0.999849	
13.7909 1.00033	1.00042	1.00061	1.00066	0.999894	0.999956	
13.8113 1.00028	1.00038	1.00066	1.00072	0.999959	1.00002	
13.8318 0.999971	1.00007	1.00065	1.00071	0.999885	0.999946	
13.8523 1.00023	1.00033	1.00062	1.00069	1.00011	1.00018	
13.8728 1.00029	1.00039	1.00032	1.00038	0.999869	0.999932	
13.8932 0.99979	0.99989	1.00052	1.00059	0.999949	1.00001	
13.9137 0.999806	0.999905	1.00054	1.00061	1.00017	1.00023	
13.9342 0.999579	0.999677	1.00056	1.00063	0.999839	0.999902	
13.9547 0.999927	1.00002	1.00028	1.00035	0.999892	0.999955	
13.9751 0.999866	0.999964	1.00031	1.00039	0.999548	0.999609	
13.9956 1.00032	1.00042	1.00073	1.00082	0.999946	1.00001	
14.0161 0.999363	0.99946	1.00053	1.00062	1.00001	1.00008	
14.0366 1.00073	1.00083	1.0004	1.00048	1.00029	1.00035	
14.057 0.999329	0.999427	1.00007	1.00016	1.00012	1.00019	
14.0775 0.99952	0.999617	1.00033	1.00042	0.999832	0.999895	
14.098 0.999241	0.999335	1.00039	1.00048	0.999882	0.999945	
14.1185 1.00009	1.00018	1.00022	1.00031	0.999923	0.999986	
14.139 0.999801	0.999895	1	1.00009	1.00025	1.00031	
14.1594 0.99992	1.00001	1.00011	1.0002	1.0001	1.00016	
14.1799 0.999978	1.00007	1.00054	1.00063	0.999856	0.99992	
14.2004 1.00004	1.00013	1.00008	1.00017	1.0002	1.00027	
14.2209 1.00003	1.00013	1.00021	1.0003	1.00032	1.00039	
14.2413 0.999778	0.999873	1.00034	1.00044	0.999873	0.99994	
14.2618 1.00047	1.00057	0.999929	1.00003	1.00008	1.00014	
14.2823 1.00052	1.00062	1.00022	1.00032	1.00037	1.00044	
14.3028 0.999611	0.99971	1.00024	1.00034	1.00019	1.00026	
14.3232 0.999282	0.999378	0.999911	1.00001	1.0003	1.00037	
14.3437 0.999384	0.999478	0.999871	0.999972	1.00055	1.00063	
14.3642 0.999596	0.999689	0.99978	0.999881	1.00003	1.00011	
14.3847 1.00038	1.00047	0.9999	1	1.00036	1.00043	
14.4051 1.00029	1.00039	1.00001	1.00011	0.999907	0.999985	
14.4256 1.00002	1.00012	0.999938	1.00004	1.0004	1.00048	
14.4461 1.00002	1.00012	1.00018	1.00029	0.99992	1	
14.4666 0.999835	0.999933	1.00019	1.00029	1.00006	1.00014	
14.487 1.00048	1.00058	0.999918	1.00002	0.999926	1.00001	
14.5075 0.999362	0.99946	1.00003	1.00013	1.00051	1.00059	
14.528 1.00023	1.00033	1.00006	1.00017	0.999897	0.99998	
14.5485 0.999485	0.999582	0.999622	0.999726	1.0001	1.00018	
14.569 0.999782	0.999879	0.999737	0.999841	0.999993	1.00008	
14.5894 1.00036	1.00046	1.00011	1.00021	0.999832	0.999916	
14.6099 0.999595	0.999692	0.999925	1.00003	1.00035	1.00044	
14.6304 0.999649	0.999745	1.00031	1.00042	1.00001	1.0001	
14.6509 0.999916	1.00001	1.00003	1.00014	1.00017	1.00026	
14.6713 0.999699	0.999794	0.999295	0.9994	1.0002	1.00028	
14.6918 1.00038	1.00047	1.00002	1.00012	0.999919	1.00001	
14.7123 0.999986	1.00008	0.99983	0.999935	1.00017	1.00026	
14.7328 1.00019	1.00029	1.00006	1.00016	1.00008	1.00017	
14.7532 0.999948	1.00005	1.0002	1.00031	0.999714	0.999804	
14.7737 1.00031	1.00041	1.00015	1.00026	1.00027	1.00036	
14.7942 1.00031	1.00041	0.999501	0.999608	0.9999	0.999992	
14.8147 1.00028	1.00039	0.999885	0.999992	0.999908	0.999999	
14.8351 0.999834	0.999939	0.999637	0.999742	1.00017	1.00027	
14.8556 0.999854	0.999959	0.999889	0.999995	1.00002	1.00012	
14.8761 0.999663	0.999766	0.999575	0.999678	0.999839	0.999932	
14.8966 0.999068	0.999167	0.999528	0.99963	1.00022	1.00032	
14.9171 0.999462	0.999559	0.999768	0.999869	1.00013	1.00022	
14.9375 0.9994	0.999495	1.00003	1.00013	1.00018	1.00027	
14.958 1.00008	1.00018	0.999842	0.999944	0.999944	1.00004	
14.9785 1.00047	1.00057	0.999692	0.999792	1.00021	1.0003	
14.999 0.999365	0.999461	0.999644	0.999743	0.999818	0.999916	
15.0194 0.999582	0.999676	0.999585	0.999683	0.999779	0.999877	
15.0399 1.0002	1.0003	0.999762	0.999859	0.999965	1.00006	
15.0604 0.99978	0.999875	0.999987	1.00008	1.00034	1.00045	
15.0809 0.999455	0.999548	0.999722	0.999819	0.999892	0.999993	
15.1013 0.999752	0.999844	0.999757	0.999852	0.999802	0.999902	
15.1218 0.999519	0.999609	0.999979	1.00008	0.999601	0.999699	
15.1423 1.00052	1.00061	0.999606	0.999701	1.00029	1.00039	
15.1628 0.999975	1.00007	0.999558	0.999651	1.00002	1.00013	
15.1832 0.999402	0.999493	0.999927	1.00002	0.999844	0.999945	
15.2037 0.999559	0.999648	0.999768	0.99986	0.999878	0.999979	
15.2242 0.999958	1.00005	1.00021	1.00031	1.00013	1.00023	
15.2447 0.999541	0.999628	0.999696	0.999789	0.999637	0.999738	
15.2652 0.999826	0.999913	0.999713	0.999805	0.999967	1.00007	
15.2856 0.999835	0.999921	0.999934	1.00003	0.999748	0.999848	
15.3061 0.999731	0.999816	0.999936	1.00003	0.999878	0.999978	
15.3266 0.999564	0.999647	0.99961	0.9997	0.999386	0.999484	
15.3471 0.999353	0.999433	0.999772	0.999862	0.999746	0.999843	
15.3675 1.00039	1.00047	0.99953	0.999617	0.999627	0.999722	
15.388 0.99996	1.00004	1.00004	1.00013	0.999552	0.999645	
15.4085 1.00008	1.00016	0.999733	0.99982	1.00003	1.00013	
15.429 0.999785	0.999868	0.999797	0.999883	0.99989	0.999984	
15.4494 0.999945	1.00003	0.999928	1.00001	0.999934	1.00003	
15.4699 0.999969	1.00005	0.999975	1.00006	1.00001	1.0001	
15.4904 0.999536	0.999618	0.999764	0.99985	0.999912	1.00001	
15.5109 0.999781	0.999862	0.999809	0.999895	0.999595	0.999687	
15.5313 1.00006	1.00014	0.999723	0.999807	0.99983	0.999922	
15.5518 0.99958	0.99966	0.999951	1.00004	0.999854	0.999946	
15.5723 0.999895	0.999975	0.999628	0.999711	0.999813	0.999904	
15.5928 1.0006	1.00068	0.999734	0.999816	0.999967	1.00006	
15.6133 0.999952	1.00004	0.99974	0.999821	0.999932	1.00002	
15.6337 1.00017	1.00025	0.999771	0.999851	0.999762	0.999853	
15.6542 0.99951	0.999592	0.999757	0.999837	0.999943	1.00003	
15.6747 1.0004	1.00048	0.999959	1.00004	0.999933	1.00002	
15.6952 0.999365	0.999447	0.999764	0.999843	0.999668	0.999758	
15.7156 1.00004	1.00012	0.999931	1.00001	1.00002	1.00011	
15.7361 0.999862	0.999945	0.999798	0.999876	0.999914	1	
15.7566 1.00008	1.00016	0.999811	0.999888	0.999965	1.00006	
15.7771 1.00023	1.00031	0.999823	0.9999	1.00029	1.00039	
15.7975 0.99982	0.999905	0.999584	0.999659	0.999821	0.999914	
15.818 0.999273	0.999354	0.999601	0.999674	0.99961	0.999701	
15.8385 0.99986	0.999941	1.00013	1.0002	0.999781	0.999872	
15.859 1.00011	1.00019	0.99987	0.999943	1.00003	1.00012	
15.8794 0.999695	0.999776	1.00019	1.00027	0.999342	0.99943	
15.8999 0.999868	0.999948	0.999855	0.99993	0.999763	0.99985	
15.9204 1.00009	1.00017	0.999786	0.99986	0.999531	0.999616	
15.9409 1.00008	1.00016	0.999607	0.999679	0.999985	1.00007	
15.9613 0.999844	0.999926	0.999814	0.999885	0.99949	0.999572	
15.9818 0.999511	0.999591	0.999776	0.999846	0.999578	0.999658	
16.0023 0.999717	0.999795	1.00012	1.00019	0.99968	0.999759	
16.0228 0.999693	0.99977	0.99996	1.00003	0.999574	0.99965	
16.0433 0.999288	0.999361	0.999706	0.999776	0.999937	1.00001	
16.0637 0.999836	0.999908	0.999758	0.999827	0.999908	0.999984	
16.0842 1.00001	1.00008	0.999839	0.999908	1.00002	1.0001	
16.1047 1.00041	1.00048	0.999984	1.00005	1	1.00008	
16.1252 0.999936	1.00001	1.00005	1.00012	0.9996	0.999676	
16.1456 0.999717	0.999792	0.999598	0.999666	0.999767	0.999842	
16.1661 0.999928	1	0.999781	0.999848	0.99971	0.999784	
16.1866 1.00037	1.00044	1.00007	1.00014	0.999527	0.999598	
16.2071 0.999909	0.999986	1.00021	1.00028	0.999623	0.999692	
16.2275 1.0001	1.00018	0.999773	0.999842	1.00011	1.00018	
16.248 0.999682	0.999759	1.00018	1.00025	0.999925	0.999995	
16.2685 0.999627	0.999702	1.00018	1.00025	0.999923	0.999993	
16.289 0.999472	0.999544	1.00002	1.00009	0.999453	0.99952	
16.3094 0.999565	0.999634	0.999989	1.00006	0.999655	0.99972	
16.3299 1.00003	1.0001	0.999997	1.00007	0.999995	1.00006	
16.3504 1.00012	1.00019	0.999995	1.00007	0.999789	0.999853	
16.3709 0.999769	0.99984	0.999877	0.99995	0.999635	0.999697	
16.3914 0.999771	0.999841	0.99949	0.999561	1.00037	1.00043	
16.4118 1.00014	1.00021	0.999918	0.999988	1.00004	1.0001	
16.4323 0.999683	0.999752	0.999705	0.999774	1.00016	1.00023	
16.4528 0.999694	0.999762	1.00034	1.00041	1.00005	1.00012	
16.4733 0.999876	0.999943	1.00012	1.00019	1.0002	1.00028	
16.4937 0.999779	0.999845	1.00004	1.00012	0.999896	0.999966	
16.5142 0.99926	0.999322	0.999954	1.00003	0.999821	0.99989	
16.5347 0.999668	0.999728	1.00014	1.00022	1.00019	1.00026	
16.5552 0.999869	0.999929	0.999958	1.00003	0.999808	0.999878	
16.5756 0.999779	0.999838	0.999846	0.999921	1.0001	1.00017	
16.5961 0.999854	0.999912	0.999707	0.99978	0.999861	0.999932	
16.6166 0.999126	0.999178	1.0004	1.00048	1.00015	1.00023	
16.6371 1.00016	1.00021	0.999707	0.999782	0.999599	0.999669	
16.6575 0.999972	1.00003	0.999915	0.99999	0.999668	0.999736	
16.678 1.00008	1.00013	0.999791	0.999865	0.999836	0.999904	
16.6985 1.00026	1.00031	0.999876	0.99995	1.0001	1.00017	
16.719 0.999677	0.999732	0.999873	0.999946	0.999633	0.999699	
16.7395 1.0003	1.00036	0.999992	1.00007	0.999844	0.99991	
16.7599 1.00053	1.00059	0.999705	0.999777	1.00013	1.0002	
16.7804 0.999768	0.999828	0.999832	0.999903	0.999802	0.999869	
16.8009 1.00021	1.00027	0.999915	0.999986	1.00019	1.00026	
16.8214 0.999275	0.999333	0.999887	0.999959	0.999725	0.999792	
16.8418 0.999976	1.00003	0.999879	0.99995	0.999959	1.00003	
16.8623 0.999525	0.99958	1.0001	1.00017	1.00009	1.00016	
16.8828 0.999926	0.999981	0.999676	0.999746	1.00012	1.00019	
16.9033 1.00005	1.00011	0.999966	1.00004	1.00007	1.00014	
16.9237 1.00027	1.00032	0.999908	0.999978	1.00007	1.00014	
16.9442 1.00005	1.0001	0.999958	1.00003	1.00007	1.00015	
16.9647 0.999902	0.99996	1	1.00007	1.00026	1.00034	
16.9852 1.00066	1.00073	0.999973	1.00004	1.00039	1.00047	
17.0056 1.00079	1.00086	1.00005	1.00012	1.00026	1.00034	
17.0261 1.00009	1.00016	0.99965	0.99972	1.00004	1.00012	
17.0466 0.999769	0.999839	0.999994	1.00006	0.999677	0.999758	
17.0671 0.999373	0.999439	1.00014	1.00021	1.00001	1.00009	
17.0876 0.999383	0.999444	0.999605	0.999675	0.999673	0.999752	
17.108 1.00115	1.00122	0.999865	0.999934	0.999937	1.00002	
17.1285 1.00005	1.00013	1.00027	1.00034	0.999966	1.00005	
17.149 1.00072	1.00079	1.00043	1.00051	0.99981	0.999888	
17.1695 0.99994	1.00002	1.00018	1.00025	1.00038	1.00046	
17.1899 0.999892	0.999969	0.999923	1	0.999844	0.999926	
17.2104 1.00004	1.00012	0.999995	1.00007	0.999948	1.00003	
17.2309 0.999662	0.999739	0.999705	0.999782	0.999643	0.999723	
17.2514 0.999906	0.999982	0.999636	0.99971	0.99974	0.999818	
17.2718 0.999956	1.00003	0.999688	0.99976	0.999653	0.999729	
17.2923 0.999621	0.999695	1.00025	1.00033	0.999948	1.00002	
17.3128 0.999615	0.999687	1.00006	1.00014	0.999706	0.999781	
17.3333 0.999558	0.999627	1.0002	1.00028	0.999917	0.999991	
17.3537 1.00004	1.00011	1.00018	1.00026	0.999646	0.999718	
17.3742 1.00034	1.00042	1.00002	1.0001	0.999987	1.00006	
17.3947 1.00066	1.00074	0.999862	0.999943	1.00002	1.0001	
17.4152 1.00034	1.00042	0.999948	1.00003	1.00029	1.00037	
17.4356 0.999417	0.999496	0.999686	0.999765	0.999807	0.999883	
17.4561 1.00007	1.00015	1.00002	1.0001	1.00017	1.00025	
17.4766 0.999869	0.999948	1.00004	1.00012	1.00003	1.00011	
17.4971 0.999865	0.999944	1.00018	1.00026	0.999824	0.999902	
17.5176 0.999908	0.999986	1.0001	1.00018	1.00035	1.00043	
17.538 1.00015	1.00023	0.999873	0.999957	0.999856	0.999937	
17.5585 0.999924	1	0.999925	1.00001	1.00011	1.00019	
17.579 1.00034	1.00042	1.00002	1.00011	1.00003	1.00012	
17.5995 1.00044	1.00053	0.999864	0.999949	1.00004	1.00012	
17.6199 1.0001	1.00019	0.999897	0.999981	0.999907	0.999991	
17.6404 0.9996	0.999688	0.999985	1.00007	0.999867	0.999951	
17.6609 0.999498	0.999581	1.0004	1.00048	1.00013	1.00022	
17.6814 1.00019	1.00028	0.999523	0.999608	0.999967	1.00005	
17.7018 0.999897	0.999983	0.999956	1.00004	1.00006	1.00015	
17.7223 1.00052	1.00061	0.99989	0.999976	0.999728	0.999814	
17.7428 0.999782	0.999872	0.999717	0.999802	0.999777	0.999862	
17.7633 1.00034	1.00043	1.00027	1.00036	0.999734	0.999817	
17.7837 0.999828	0.999921	0.999905	0.999993	0.999562	0.999642	
17.8042 0.999738	0.99983	0.999991	1.00008	1.00005	1.00014	
17.8247 1.00065	1.00075	0.999819	0.999906	0.999686	0.999765	
17.8452 1.00006	1.00016	1.00009	1.00018	1.00015	1.00023	
17.8657 0.999985	1.00009	0.999944	1.00003	0.999876	0.999957	
17.8861 1.00048	1.00058	0.999907	0.999996	1.00026	1.00035	
17.9066 0.999564	0.999666	1.00001	1.0001	0.99975	0.999832	
17.9271 0.999424	0.999522	1.00019	1.00029	0.999887	0.99997	
17.9476 0.999637	0.999733	0.999951	1.00004	0.999944	1.00003	
17.968 0.999888	0.999984	0.999827	0.999919	1.00022	1.00031	
17.9885 0.999399	0.99949	1.00001	1.0001	0.9997	0.999784	
18.009 1.00017	1.00027	0.999999	1.00009	1.00019	1.00028	
18.0295 1.00005	1.00014	0.999888	0.999982	1.00002	1.00011	
18.0499 0.999472	0.999562	0.99997	1.00006	0.999916	1	
18.0704 0.999274	0.999359	0.999943	1.00004	0.999971	1.00006	
18.0909 0.999762	0.999846	0.99981	0.999904	0.999998	1.00009	
18.1114 1.00001	1.00009	0.999468	0.999558	0.999718	0.999804	
18.1318 1.00039	1.00048	1.00002	1.00011	0.999861	0.999947	
18.1523 1.00009	1.00018	0.999673	0.999761	1.00016	1.00025	
18.1728 1.00075	1.00085	0.999763	0.999849	0.999686	0.999772	
18.1933 0.999573	0.999668	0.999633	0.999717	0.999597	0.99968	
18.2138 1.00096	1.00107	0.999757	0.999839	0.999866	0.999948	
18.2342 0.999632	0.999735	1.00002	1.0001	0.999825	0.999906	
18.2547 1.00032	1.00043	1.00022	1.00031	0.999674	0.999753	
18.2752 0.999691	0.999796	0.999992	1.00008	0.999722	0.999799	
18.2957 1.00031	1.00042	0.999639	0.999724	1.00012	1.0002	
18.3161 0.999614	0.999721	1.00018	1.00027	0.999968	1.00005	
18.3366 0.999703	0.999807	0.999725	0.99981	0.999934	1.00001	
18.3571 0.999468	0.999568	0.999808	0.999892	1.00003	1.00011	
18.3776 1.00008	1.00018	0.999863	0.999947	1.00042	1.00051	
18.398 0.999275	0.999371	0.999772	0.999854	0.999744	0.999828	
18.4185 0.999154	0.999242	0.999551	0.99963	0.999675	0.999756	
18.439 0.999642	0.999727	0.999875	0.999953	0.999426	0.999503	
18.4595 0.999879	0.999964	0.999947	1.00003	0.999459	0.99953	
18.4799 0.999752	0.999835	0.999823	0.999901	1.00005	1.00012	
18.5004 0.99875	0.998822	1.00039	1.00047	1.0004	1.00048	
18.5209 1.00002	1.00009	1.00044	1.00052	0.999627	0.999702	
18.5414 1.00092	1.001	0.999613	0.999698	0.999972	1.00005	
18.5619 1.0002	1.00028	0.999533	0.999614	0.999872	0.999947	
18.5823 1.00031	1.0004	0.999794	0.999873	0.999878	0.999952	
18.6028 0.999847	0.999936	1.00009	1.00017	0.999885	0.999959	
18.6233 0.999798	0.999886	0.999856	0.999937	1.00032	1.0004	
18.6438 1.00006	1.00015	1	1.00008	1.00024	1.00032	
18.6642 0.99846	0.998534	0.999956	1.00004	1.00003	1.00012	
18.6847 1.00072	1.0008	0.999998	1.00008	0.999653	0.999733	
18.7052 1.00015	1.00023	0.999847	0.999929	1.00042	1.0005	
18.7257 0.99945	0.99953	0.999865	0.999947	0.999452	0.999533	
18.7461 1.00022	1.0003	1.00019	1.00027	0.999901	0.999981	
18.7666 1.00011	1.0002	0.999769	0.999852	0.999885	0.999965	
18.7871 0.999294	0.999372	0.999815	0.999897	0.99957	0.999645	
18.8076 0.999178	0.999248	0.999884	0.999965	1.0003	1.00038	
18.828 0.999588	0.999654	1.00035	1.00044	0.999577	0.999653	
18.8485 0.999655	0.999719	0.999713	0.999797	0.999785	0.999859	
18.869 1.0001	1.00016	0.999465	0.999543	1.00031	1.00039	
18.8895 1.00035	1.00042	1.00031	1.00039	0.999833	0.999911	
18.91 1.00017	1.00025	1.0001	1.00019	1.00013	1.00021	
18.9304 1.00009	1.00017	0.999772	0.999855	0.999893	0.999973	
18.9509 0.999229	0.999296	0.999435	0.999513	0.999784	0.999862	
18.9714 1.00016	1.00023	1.00009	1.00017	0.999877	0.999955	
18.9919 0.999873	0.999941	0.999597	0.999673	0.999982	1.00006	
19.0123 0.998762	0.998817	0.999809	0.999884	0.999759	0.999836	
19.0328 0.999995	1.00005	1.00004	1.00011	0.999828	0.999903	
19.0533 0.999217	0.999263	1.00017	1.00025	0.999466	0.999536	
19.0738 1.00013	1.00018	0.999637	0.999713	0.999498	0.999563	
19.0942 0.999818	0.999866	0.999832	0.999907	1.00003	1.0001	
19.1147 0.999854	0.9999	1.00001	1.00009	1.00004	1.00011	
19.1352 0.999127	0.999163	1.00006	1.00013	1.00021	1.00028	
19.1557 0.999494	0.999524	0.999919	0.999996	0.999908	0.999979	
19.1761 1.00099	1.00103	0.999778	0.999853	0.999888	0.999958	
19.1966 0.999603	0.999642	1.00003	1.00011	1	1.00007	
19.2171 1.00045	1.0005	0.999644	0.999717	0.999963	1.00003	
19.2376 0.99945	0.999488	1.00027	1.00035	0.999802	0.999872	
19.258 1.00028	1.00033	0.999795	0.999871	0.99989	0.999959	
19.2785 0.99896	0.99899	1.00032	1.0004	0.999673	0.999739	
19.299 1.00043	1.00047	0.999513	0.999588	0.999969	1.00004	
19.3195 1.00037	1.00041	0.999416	0.999486	1.00024	1.00031	
19.34 1.00063	1.00068	0.999719	0.999786	1.00026	1.00033	
19.3604 1.00112	1.00118	0.999765	0.999829	0.999645	0.999716	
19.3809 0.999456	0.999514	0.999251	0.999306	1.00004	1.00011	
19.4014 1.00027	1.00034	1.00029	1.00035	1.00008	1.00015	
19.4219 1.00003	1.00009	0.999684	0.999741	0.999902	0.999976	
19.4423 1.00015	1.00022	1.00051	1.00057	1.00023	1.00031	
19.4628 0.999782	0.999847	0.999974	1.00004	1.00008	1.00016	
19.4833 1.00004	1.00011	0.999907	0.999972	0.99968	0.999757	
19.5038 1.00031	1.00038	0.999515	0.999574	1	1.00008	
19.5242 1.00001	1.00008	1.00015	1.00021	0.999704	0.999779	
19.5447 1.00043	1.0005	1.00004	1.0001	1.00016	1.00024	
19.5652 0.999353	0.999423	0.999738	0.999798	0.999724	0.9998	
19.5857 1.00013	1.0002	0.999582	0.999637	1.00007	1.00015	
19.6061 1.00027	1.00035	0.999543	0.999593	0.999538	0.999611	
19.6266 1.00014	1.00022	1.00026	1.00032	1.00008	1.00015	
19.6471 0.999979	1.00006	1.00015	1.0002	0.999946	1.00002	
19.6676 1.0001	1.00019	1.00002	1.00008	0.999457	0.999525	
19.6881 1.00039	1.00048	1.00011	1.00017	1.00046	1.00053	
19.7085 0.999305	0.999388	1.00037	1.00044	0.999676	0.999749	
19.729 0.999555	0.999633	0.99998	1.00005	0.999892	0.999963	
19.7495 1.00095	1.00105	1.00009	1.00016	1.00025	1.00032	
19.77 0.999968	1.00006	0.999537	0.999601	0.999916	0.999992	
19.7904 0.999846	0.999938	0.999649	0.999708	0.999724	0.999797	
19.8109 0.998239	0.998307	0.999418	0.99947	0.99998	1.00005	
19.8314 1.00003	1.0001	1.00046	1.00052	1.00011	1.00019	
19.8519 1.00003	1.0001	0.999796	0.999853	0.999833	0.999908	
19.8723 1.00101	1.00109	1.00006	1.00012	0.999619	0.99969	
19.8928 0.999143	0.999219	1.00014	1.0002	0.999311	0.999373	
19.9133 1.0002	1.00028	0.999843	0.999903	1.00021	1.00027	
19.9338 0.999058	0.999125	0.999743	0.999801	0.999858	0.999923	
19.9542 1.00082	1.0009	0.99975	0.999804	1.00032	1.00039	
19.9747 0.999018	0.999084	0.999807	0.99986	0.999984	1.00006	
19.9952 0.99951	0.99957	0.99912	0.99916	0.999438	0.999502	
20.0157 0.99954	0.999595	0.999789	0.999827	0.999697	0.999758	
20.0362 0.999174	0.999217	1.00031	1.00036	1.00006	1.00012	
20.0566 1.00015	1.0002	1.00034	1.00039	0.999724	0.999783	
20.0771 0.999779	0.999822	0.999946	0.999995	0.999494	0.999546	
20.0976 1.0002	1.00024	0.999837	0.999884	0.999751	0.999801	
20.1181 1.00054	1.0006	0.999796	0.99984	1.00029	1.00034	
20.1385 1.00052	1.00059	1.00031	1.00036	0.99963	0.999679	
20.159 1.00023	1.00029	1.00001	1.00006	1.00037	1.00043	
20.1795 1.00077	1.00085	1.00003	1.00008	0.999733	0.999786	
20.2 0.999984	1.00007	0.999585	0.999632	1.00054	1.0006	
20.2204 0.999745	0.999825	1.00002	1.00007	0.999537	0.999593	
20.2409 0.999895	0.999975	1.00047	1.00053	0.999981	1.00004	
20.2614 0.999475	0.999548	1.00037	1.00043	0.999994	1.00005	
20.2819 0.999661	0.99973	0.999785	0.999845	1.00067	1.00074	
20.3023 0.999558	0.999621	0.999746	0.999803	0.999801	0.999868	
20.3228 1.00004	1.00011	1.00058	1.00065	0.999318	0.999375	
20.3433 0.999565	0.999623	0.999637	0.9997	1.00032	1.00038	
20.3638 1.00016	1.00023	1.00012	1.00019	0.999488	0.999544	
20.3843 0.999824	0.999884	0.999704	0.999766	1.00021	1.00027	
20.4047 0.998828	0.998871	1.00032	1.00038	0.999256	0.999305	
20.4252 1.00052	1.00057	1.00003	1.0001	1.00014	1.00019	
20.4457 0.999371	0.999414	1.00017	1.00024	1.00079	1.00086	
20.4662 1.001	1.00106	1.00032	1.0004	1.00061	1.00069	
