#NOTE: MSDs should be divided by the temperature.
#NOTE: MSDs have been divided by 2 or 10 (i.e., the viscosity computed from all components).
#Time	MSD_xx	MSD_yy	MSD_zz	MSD_xy	MSD_xz	MSD_yz	MSD_off	MSD_all	MSD_bulkvisc
 20 6.49366e+09 6.4818e+09 6.49992e+09 6.52053e+09 6.46863e+09 6.47467e+09 6.48795e+09 6.48948e+09 9.96294e+09
 40 2.16762e+10 2.16335e+10 2.17034e+10 2.17748e+10 2.15741e+10 2.16072e+10 2.1652e+10 2.16596e+10 3.70005e+10
 60 4.07149e+10 4.06203e+10 4.07701e+10 4.09229e+10 4.04922e+10 4.05723e+10 4.06624e+10 4.06782e+10 7.72609e+10
 80 6.13674e+10 6.11936e+10 6.14407e+10 6.17063e+10 6.10169e+10 6.11428e+10 6.12887e+10 6.13068e+10 1.27911e+11
 100 8.27767e+10 8.24861e+10 8.28443e+10 8.32584e+10 8.23365e+10 8.24975e+10 8.26974e+10 8.26994e+10 1.86375e+11
 120 1.04714e+11 1.04254e+11 1.04748e+11 1.05343e+11 1.04252e+11 1.04403e+11 1.04666e+11 1.04628e+11 2.5026e+11
 140 1.27154e+11 1.26481e+11 1.27136e+11 1.27946e+11 1.26741e+11 1.26833e+11 1.27173e+11 1.27074e+11 3.17344e+11
 160 1.50091e+11 1.49177e+11 1.50032e+11 1.51087e+11 1.49811e+11 1.49808e+11 1.50236e+11 1.50048e+11 3.85554e+11
 180 1.73482e+11 1.72311e+11 1.73423e+11 1.74747e+11 1.73439e+11 1.73312e+11 1.73832e+11 1.73528e+11 4.52982e+11
 200 1.97264e+11 1.95814e+11 1.97244e+11 1.98843e+11 1.97546e+11 1.97261e+11 1.97883e+11 1.9744e+11 5.1792e+11
 200 1.9773e+11 1.95785e+11 1.97244e+11 1.98768e+11 1.9751e+11 1.97143e+11 1.97807e+11 1.97452e+11 5.19138e+11
 400 4.48925e+11 4.4413e+11 4.48918e+11 4.51744e+11 4.52067e+11 4.49195e+11 4.51002e+11 4.49531e+11 8.55488e+11
 600 7.11398e+11 7.00911e+11 7.10968e+11 7.16414e+11 7.1788e+11 7.13467e+11 7.15921e+11 7.12656e+11 8.07791e+11
 800 9.7973e+11 9.59008e+11 9.75572e+11 9.82312e+11 9.87376e+11 9.80117e+11 9.83268e+11 9.78536e+11 7.07499e+11
 1000 1.25226e+12 1.21852e+12 1.24406e+12 1.25188e+12 1.25917e+12 1.24589e+12 1.25231e+12 1.2467e+12 5.67155e+11
 1200 1.52623e+12 1.47746e+12 1.51305e+12 1.52405e+12 1.53232e+12 1.50841e+12 1.52159e+12 1.51519e+12 5.68183e+11
 1400 1.80035e+12 1.73506e+12 1.78188e+12 1.79555e+12 1.80635e+12 1.77166e+12 1.79119e+12 1.78368e+12 6.4732e+11
 1600 2.07732e+12 1.99133e+12 2.04865e+12 2.06728e+12 2.07836e+12 2.03318e+12 2.05961e+12 2.0514e+12 6.6631e+11
 1800 2.35433e+12 2.24389e+12 2.31445e+12 2.33652e+12 2.34605e+12 2.29764e+12 2.32674e+12 2.31773e+12 6.58013e+11
 2000 2.63141e+12 2.49692e+12 2.57965e+12 2.60506e+12 2.61109e+12 2.56226e+12 2.5928e+12 2.58341e+12 6.46868e+11
 2000 2.66585e+12 2.44712e+12 2.54326e+12 2.54733e+12 2.57933e+12 2.55967e+12 2.56211e+12 2.5581e+12 6.52901e+11
 4000 5.40005e+12 5.00344e+12 5.14627e+12 5.2255e+12 5.2046e+12 5.24305e+12 5.22438e+12 5.20793e+12 6.53083e+11
 6000 8.20406e+12 7.59807e+12 7.78393e+12 7.87757e+12 7.89534e+12 7.9156e+12 7.89617e+12 7.88251e+12 6.89708e+11
 8000 1.10213e+13 1.01785e+13 1.03695e+13 1.04915e+13 1.05581e+13 1.06082e+13 1.05526e+13 1.05408e+13 7.11618e+11
 10000 1.40122e+13 1.28497e+13 1.30275e+13 1.30876e+13 1.31243e+13 1.33507e+13 1.31875e+13 1.32311e+13 7.28743e+11
 12000 1.71436e+13 1.55239e+13 1.56988e+13 1.56916e+13 1.57176e+13 1.61855e+13 1.58649e+13 1.59678e+13 7.43334e+11
 14000 2.01679e+13 1.83017e+13 1.83567e+13 1.83813e+13 1.8266e+13 1.90442e+13 1.85638e+13 1.87151e+13 7.74217e+11
 16000 2.31579e+13 2.11001e+13 2.10597e+13 2.11175e+13 2.08162e+13 2.19405e+13 2.12914e+13 2.14839e+13 7.6676e+11
 18000 2.61675e+13 2.38755e+13 2.3895e+13 2.39459e+13 2.34289e+13 2.48039e+13 2.40596e+13 2.42942e+13 8.14716e+11
 20000 2.93069e+13 2.67478e+13 2.68054e+13 2.67708e+13 2.6025e+13 2.77236e+13 2.68398e+13 2.71519e+13 8.29085e+11
 20000 2.99224e+13 2.64627e+13 2.71153e+13 2.77252e+13 2.5278e+13 2.86969e+13 2.72334e+13 2.74734e+13 9.14038e+11
 40000 6.24019e+13 5.67603e+13 5.90045e+13 5.27974e+13 4.91406e+13 5.97096e+13 5.38825e+13 5.60851e+13 1.05664e+12
 60000 9.88515e+13 8.72729e+13 9.1274e+13 7.6463e+13 7.14328e+13 9.05435e+13 7.94798e+13 8.46743e+13 1.25196e+12
 80000 1.34014e+14 1.15411e+14 1.2125e+14 1.01311e+14 9.04317e+13 1.20977e+14 1.0424e+14 1.11967e+14 1.4035e+12
 100000 1.68449e+14 1.43509e+14 1.45968e+14 1.26248e+14 1.1509e+14 1.49887e+14 1.30408e+14 1.39302e+14 1.57054e+12
 120000 2.02454e+14 1.71478e+14 1.67921e+14 1.52133e+14 1.39554e+14 1.72836e+14 1.54841e+14 1.65152e+14 1.79192e+12
 140000 2.39381e+14 1.99059e+14 1.91937e+14 1.79831e+14 1.66027e+14 1.97112e+14 1.8099e+14 1.92644e+14 1.94009e+12
 160000 2.80681e+14 2.25277e+14 2.11595e+14 2.06522e+14 1.90552e+14 2.19765e+14 2.05613e+14 2.19041e+14 2.14948e+12
 180000 3.20987e+14 2.49003e+14 2.34434e+14 2.31068e+14 2.15922e+14 2.38206e+14 2.28399e+14 2.44296e+14 2.3862e+12
 200000 3.61276e+14 2.735e+14 2.59115e+14 2.52651e+14 2.39774e+14 2.56546e+14 2.49657e+14 2.68979e+14 2.42559e+12
 200000 4.0256e+14 2.80195e+14 2.83308e+14 2.10327e+14 2.02372e+14 2.8988e+14 2.34193e+14 2.69324e+14 2.76163e+12
 400000 8.92277e+14 5.49073e+14 5.02559e+14 3.93402e+14 5.05981e+14 4.68893e+14 4.56092e+14 5.32843e+14 4.50574e+12
 600000 1.32579e+15 6.43135e+14 8.23848e+14 4.71033e+14 8.23154e+14 6.44856e+14 6.46347e+14 7.60179e+14 6.31479e+12
 800000 1.81793e+15 7.57379e+14 1.16123e+15 5.03667e+14 1.23902e+15 8.21684e+14 8.54791e+14 1.01108e+15 7.54231e+12
 1e+06 2.17085e+15 8.47827e+14 1.38152e+15 5.17719e+14 1.71424e+15 9.03507e+14 1.04516e+15 1.21379e+15 8.57796e+12
 1.2e+06 2.56575e+15 1.00938e+15 1.73923e+15 5.94691e+14 2.27901e+15 1.02895e+15 1.30088e+15 1.48911e+15 1.04094e+13
 1.4e+06 2.99509e+15 1.25032e+15 1.99425e+15 6.54135e+14 2.82258e+15 1.1377e+15 1.53814e+15 1.75484e+15 1.24629e+13
 1.6e+06 3.45367e+15 1.34948e+15 2.28451e+15 7.54327e+14 3.36079e+15 1.15948e+15 1.7582e+15 1.99994e+15 1.33668e+13
 1.8e+06 3.90921e+15 1.435e+15 2.45997e+15 8.40395e+14 3.8808e+15 1.29832e+15 2.00651e+15 2.24446e+15 1.50478e+13
 2e+06 4.23752e+15 1.46137e+15 2.63468e+15 7.92397e+14 4.33315e+15 1.45815e+15 2.19457e+15 2.42788e+15 1.53013e+13
 2e+06 2.54876e+15 2.36805e+15 2.39632e+15 6.50674e+14 2.91299e+15 2.86458e+15 2.14275e+15 2.26073e+15 6.56342e+12
 4e+06 5.82534e+15 2.7601e+15 4.55378e+15 1.00076e+15 5.06199e+15 6.46535e+15 4.17604e+15 4.25752e+15 9.51479e+12
 6e+06 3.87103e+15 1.24514e+15 6.30187e+15 1.49186e+15 6.92142e+15 3.64337e+15 4.01888e+15 3.93374e+15 7.19908e+12
 8e+06 9.41165e+15 4.67745e+15 8.09767e+15 2.90402e+15 8.1506e+15 7.33954e+15 6.13138e+15 6.63707e+15 2.87861e+12
 1e+07 2.17662e+16 5.04282e+15 5.85545e+15 7.7698e+15 1.67819e+16 1.93681e+16 1.464e+16 1.31392e+16 1.51354e+12
