# Radius 	finiterdf__H_Water_H_Water	rdf__H_Water_H_Water	finiterdf__H_Water_O_Water	rdf__H_Water_O_Water	finiterdf__O_Water_O_Water	rdf__O_Water_O_Water	
0.0102382 0	0	0	0	0	0	
0.0307146 0	0	0	0	0	0	
0.051191 0	0	0	0	0	0	
0.0716674 0	0	0	0	0	0	
0.0921438 0	0	0	0	0	0	
0.11262 0	0	0	0	0	0	
0.133097 0	0	0	0	0	0	
0.153573 0	0	0	0	0	0	
0.174049 0	0	0	0	0	0	
0.194526 0	0	0	0	0	0	
0.215002 0	0	0	0	0	0	
0.235479 0	0	0	0	0	0	
0.255955 0	0	0	0	0	0	
0.276431 0	0	0	0	0	0	
0.296908 0	0	0	0	0	0	
0.317384 0	0	0	0	0	0	
0.337861 0	0	0	0	0	0	
0.358337 0	0	0	0	0	0	
0.378813 0	0	0	0	0	0	
0.39929 0	0	0	0	0	0	
0.419766 0	0	0	0	0	0	
0.440242 0	0	0	0	0	0	
0.460719 0	0	0	0	0	0	
0.481195 0	0	0	0	0	0	
0.501672 0	0	0	0	0	0	
0.522148 0	0	0	0	0	0	
0.542624 0	0	0	0	0	0	
0.563101 0	0	0	0	0	0	
0.583577 0	0	0	0	0	0	
0.604054 0	0	0	0	0	0	
0.62453 0	0	0	0	0	0	
0.645006 0	0	0	0	0	0	
0.665483 0	0	0	0	0	0	
0.685959 0	0	0	0	0	0	
0.706436 0	0	0	0	0	0	
0.726912 0	0	0	0	0	0	
0.747388 0	0	0	0	0	0	
0.767865 0	0	0	0	0	0	
0.788341 0	0	0	0	0	0	
0.808818 0	0	0	0	0	0	
0.829294 0	0	0	0	0	0	
0.84977 0	0	0	0	0	0	
0.870247 0	0	0	0	0	0	
0.890723 0	0	0	0	0	0	
0.9112 0	0	0	0	0	0	
0.931676 0	0	0	0	0	0	
0.952152 0	0	0	0	0	0	
0.972629 0	0	0	0	0	0	
0.993105 0	0	119.604	119.733	0	0	
1.01358 0	0	0	0	0	0	
1.03406 0	0	0	0	0	0	
1.05453 0	0	0	0	0	0	
1.07501 0	0	0	0	0	0	
1.09549 0	0	0	0	0	0	
1.11596 0	0	0	0	0	0	
1.13644 0	0	0	0	0	0	
1.15692 0	0	0	0	0	0	
1.17739 0	0	0	0	0	0	
1.19787 0	0	0	0	0	0	
1.21835 0	0	0	0	0	0	
1.23882 0	0	0	0	0	0	
1.2593 0	0	0	0	0	0	
1.27977 4.50104e-06	4.50218e-06	0	0	0	0	
1.30025 4.36039e-06	4.36142e-06	0	0	0	0	
1.32073 8.45247e-06	8.45432e-06	0	0	0	0	
1.3412 1.22945e-05	1.2297e-05	0	0	0	0	
1.36168 3.18068e-05	3.18125e-05	0	0	0	0	
1.38216 5.40249e-05	5.40336e-05	3.85892e-06	3.86195e-06	0	0	
1.40263 0.000134895	0.000134914	7.49416e-05	7.49989e-05	0	0	
1.42311 0.000182001	0.000182023	0.000323962	0.000324203	0	0	
1.44359 0.000343137	0.00034317	0.00160956	0.00161072	0	0	
1.46406 0.000522765	0.000522802	0.00490436	0.00490778	0	0	
1.48454 0.000919881	0.000919926	0.0144204	0.0144301	0	0	
1.50501 0.00153944	0.00153947	0.0356804	0.0357037	0	0	
1.52549 0.00249309	0.00249309	0.0754325	0.07548	0	0	
1.54597 0.00369212	0.00369203	0.143123	0.14321	0	0	
1.56644 0.00561816	0.00561788	0.241464	0.241606	0	0	
1.58692 0.00798284	0.00798222	0.378932	0.379148	0	0	
1.6074 0.0116497	0.0116485	0.548787	0.549094	0	0	
1.62787 22.2742	22.2852	0.739374	0.739782	0	0	
1.64835 0.023179	0.0231898	0.933979	0.934492	0	0	
1.66883 0.0310816	0.0310952	1.12294	1.12356	0	0	
1.6893 0.0417791	0.0417961	1.29458	1.2953	0	0	
1.70978 0.0540968	0.0541173	1.42489	1.42571	0	0	
1.73026 0.0716935	0.0717186	1.52306	1.52396	0	0	
1.75073 0.0896308	0.0896595	1.57342	1.57439	0	0	
1.77121 0.112136	0.112169	1.59	1.591	0	0	
1.79168 0.138482	0.138518	1.56853	1.56955	0	0	
1.81216 0.167323	0.167362	1.52335	1.52437	0	0	
1.83264 0.202476	0.202517	1.45755	1.45855	0	0	
1.85311 0.239454	0.239496	1.37202	1.37298	0	0	
1.87359 0.280539	0.280581	1.28007	1.28098	0	0	
1.89407 0.327798	0.327838	1.17993	1.18077	0	0	
1.91454 0.375792	0.375829	1.08215	1.08293	0	0	
1.93502 0.425805	0.425837	0.987636	0.988345	0	0	
1.9555 0.478284	0.47831	0.898418	0.899059	0	0	
1.97597 0.538474	0.538494	0.814166	0.814741	0	0	
1.99645 0.592126	0.592137	0.735937	0.736448	0	0	
2.01692 0.65377	0.653773	0.665486	0.665939	0	0	
2.0374 0.713543	0.713537	0.600306	0.600705	0	0	
2.05788 0.772673	0.772658	0.543953	0.544302	0	0	
2.07835 0.832045	0.832022	0.494092	0.494399	0	0	
2.09883 0.890509	0.890481	0.447146	0.447411	0	0	
2.11931 0.948886	0.948853	0.405794	0.406024	0	0	
2.13978 1.00341	1.00337	0.371409	0.371607	0	0	
2.16026 1.05708	1.05705	0.340633	0.340804	0	0	
2.18074 1.10224	1.10221	0.313058	0.313205	0	0	
2.20121 1.15069	1.15067	0.289857	0.289982	0	0	
2.22169 1.19295	1.19294	0.270002	0.270108	0	0	
2.24217 1.23104	1.23104	0.252245	0.252334	0	0	
2.26264 1.26199	1.26201	0.236956	0.23703	0	0	
2.28312 1.29239	1.29243	0.224214	0.224274	0	0	
2.30359 1.31408	1.31415	0.214486	0.214534	0	0	
2.32407 1.33103	1.33113	0.205235	0.205272	0	0	
2.34455 1.34527	1.34539	0.198878	0.198904	0	0	
2.36502 1.35231	1.35246	0.193937	0.193953	0	0	
2.3855 1.35819	1.35838	0.19089	0.190897	4.66369e-05	4.65845e-05	
2.40598 1.35165	1.35186	0.188861	0.188858	0.000371866	0.000371425	
2.42645 1.34463	1.34487	0.189145	0.189133	0.00168284	0.00168074	
2.44693 1.33009	1.33035	0.191714	0.191692	0.00620053	0.00619241	
2.46741 1.31251	1.31279	0.195655	0.195621	0.0194324	0.0194057	
2.48788 1.2873	1.28761	0.20072	0.200676	0.051815	0.0517407	
2.50836 1.26271	1.26304	0.208511	0.208454	0.118274	0.118097	
2.52883 1.23185	1.23218	0.218932	0.21886	0.236347	0.235982	
2.54931 1.19781	1.19815	0.230098	0.230011	0.419277	0.418612	
2.56979 1.16298	1.16332	0.243382	0.243276	0.678201	0.677109	
2.59026 1.12598	1.12632	0.25998	0.259854	1.01072	1.0091	
2.61074 1.08605	1.08639	0.278296	0.278146	1.38885	1.38665	
2.63122 1.04894	1.04927	0.297224	0.297049	1.78735	1.78463	
2.65169 1.01075	1.01107	0.321212	0.321006	2.15954	2.15644	
2.67217 0.972293	0.972597	0.346905	0.346665	2.50472	2.5014	
2.69265 0.935079	0.935367	0.374605	0.374328	2.76383	2.76055	
2.71312 0.900967	0.901238	0.404821	0.404503	2.95061	2.94756	
2.7336 0.870564	0.870817	0.437282	0.436919	3.04714	3.04448	
2.75408 0.838546	0.838778	0.4726	0.472188	3.06069	3.05853	
2.77455 0.813001	0.813214	0.510901	0.510434	3.01421	3.01258	
2.79503 0.789308	0.789501	0.548951	0.548429	2.90339	2.90228	
2.8155 0.768439	0.768612	0.592837	0.592253	2.76153	2.76088	
2.83598 0.751524	0.751677	0.637664	0.637016	2.59038	2.59012	
2.85646 0.736121	0.736254	0.685061	0.684347	2.40968	2.40973	
2.87693 0.723717	0.72383	0.736477	0.735692	2.22518	2.22547	
2.89741 0.715409	0.715502	0.78924	0.788383	2.04861	2.04907	
2.91789 0.709555	0.709629	0.845518	0.844588	1.87617	1.87674	
2.93836 0.703573	0.703628	0.903409	0.902408	1.72682	1.72746	
2.95884 0.700891	0.700925	0.963262	0.962191	1.58536	1.58604	
2.97932 0.701915	0.70193	1.02537	1.02423	1.45762	1.4583	
2.99979 0.703519	0.703514	1.091	1.0898	1.34499	1.34566	
3.02027 0.705471	0.705446	1.15179	1.15054	1.24982	1.25048	
3.04074 0.709551	0.709505	1.21463	1.21333	1.16803	1.16866	
3.06122 0.71682	0.716754	1.27592	1.2746	1.09957	1.10018	
3.0817 0.722134	0.722047	1.3336	1.33226	1.0373	1.03787	
3.10217 0.730886	0.730778	1.38526	1.38392	0.989879	0.990428	
3.12265 0.738828	0.738699	1.43168	1.43036	0.946368	0.946889	
3.14313 0.748739	0.748587	1.47043	1.46915	0.914841	0.915335	
3.1636 0.759899	0.759726	1.50326	1.50203	0.885146	0.885614	
3.18408 0.769866	0.769671	1.52875	1.52759	0.861827	0.862269	
3.20456 0.782072	0.781856	1.54399	1.5429	0.844235	0.844654	
3.22503 0.792984	0.792747	1.55779	1.5568	0.831425	0.831823	
3.24551 0.807939	0.80768	1.56148	1.56058	0.820723	0.821099	
3.26598 0.821114	0.820834	1.55933	1.55853	0.812615	0.81297	
3.28646 0.832905	0.832605	1.55241	1.55171	0.806166	0.8065	
3.30694 0.848398	0.848077	1.54163	1.54104	0.803804	0.804118	
3.32741 0.862987	0.862647	1.52528	1.52478	0.801239	0.801534	
3.34789 0.876668	0.876309	1.5087	1.5083	0.798903	0.799178	
3.36837 0.892129	0.891753	1.48825	1.48794	0.799119	0.799374	
3.38884 0.906726	0.906333	1.46465	1.46443	0.80094	0.801177	
3.40932 0.92258	0.922171	1.44228	1.44214	0.803049	0.803267	
3.4298 0.938144	0.937721	1.41694	1.41688	0.804406	0.804604	
3.45027 0.951814	0.951379	1.3929	1.39292	0.812275	0.812456	
3.47075 0.968129	0.967682	1.36721	1.36729	0.817111	0.817274	
3.49123 0.984219	0.983763	1.34151	1.34164	0.820802	0.820947	
3.5117 0.999148	0.998685	1.31394	1.31412	0.822922	0.823048	
3.53218 1.01358	1.01311	1.28997	1.2902	0.830544	0.830652	
3.55265 1.02784	1.02737	1.26709	1.26737	0.834869	0.834959	
3.57313 1.04088	1.04041	1.24099	1.2413	0.842101	0.842173	
3.59361 1.05533	1.05486	1.21714	1.21748	0.850484	0.85054	
3.61408 1.06796	1.0675	1.19334	1.19371	0.855776	0.855815	
3.63456 1.08037	1.07991	1.17437	1.17476	0.859003	0.859025	
3.65504 1.09289	1.09244	1.15035	1.15076	0.866181	0.866187	
3.67551 1.10406	1.10363	1.1298	1.13022	0.871743	0.871732	
3.69599 1.11684	1.11642	1.11086	1.1113	0.878851	0.878825	
3.71647 1.12551	1.1251	1.09132	1.09176	0.885083	0.885042	
3.73694 1.13347	1.13308	1.07641	1.07685	0.895344	0.895288	
3.75742 1.14313	1.14277	1.06076	1.0612	0.897584	0.897515	
3.77789 1.14902	1.14868	1.04821	1.04866	0.908449	0.908365	
3.79837 1.15682	1.15651	1.03509	1.03554	0.916111	0.916015	
3.81885 1.1612	1.16091	1.0259	1.02635	0.921292	0.921184	
3.83932 1.16344	1.16318	1.01567	1.01612	0.93029	0.930171	
3.8598 1.16763	1.1674	1.00808	1.00853	0.93778	0.937651	
3.88028 1.1675	1.1673	1.00077	1.00121	0.944576	0.944437	
3.90075 1.1669	1.16674	0.995047	0.995487	0.955918	0.95577	
3.92123 1.1675	1.16737	0.990641	0.991078	0.961684	0.96153	
3.94171 1.1634	1.1633	0.986596	0.987028	0.969155	0.968995	
3.96218 1.16057	1.1605	0.983123	0.983552	0.977213	0.977047	
3.98266 1.15592	1.15588	0.980543	0.980967	0.984398	0.984229	
4.00314 1.14929	1.14928	0.977826	0.978246	0.993684	0.993512	
4.02361 1.14315	1.14317	0.97703	0.977446	0.999133	0.99896	
4.04409 1.136	1.13605	0.97421	0.974619	1.00745	1.00728	
4.06456 1.12887	1.12894	0.972624	0.973028	1.01482	1.01465	
4.08504 1.12047	1.12057	0.97209	0.972489	1.02052	1.02035	
4.10552 1.11079	1.1109	0.970342	0.970736	1.03026	1.03009	
4.12599 1.10273	1.10287	0.969626	0.970014	1.03549	1.03533	
4.14647 1.09435	1.09451	0.97024	0.970623	1.04588	1.04573	
4.16695 1.0865	1.08667	0.969246	0.969623	1.05141	1.05127	
4.18742 1.07857	1.07876	0.968365	0.968736	1.05879	1.05865	
4.2079 1.07223	1.07243	0.968678	0.969044	1.06364	1.06352	
4.22838 1.06533	1.06554	0.967336	0.967695	1.07089	1.07078	
4.24885 1.05923	1.05945	0.967216	0.967569	1.07269	1.0726	
4.26933 1.05588	1.05612	0.966652	0.966999	1.08189	1.08181	
4.2898 1.04957	1.04981	0.966361	0.966701	1.08594	1.08588	
4.31028 1.04503	1.04528	0.965353	0.965686	1.08698	1.08694	
4.33076 1.0401	1.04036	0.963879	0.964204	1.09416	1.09414	
4.35123 1.03885	1.03912	0.963272	0.96359	1.09675	1.09675	
4.37171 1.0365	1.03678	0.962405	0.962716	1.10029	1.10031	
4.39219 1.03342	1.0337	0.961827	0.962129	1.10206	1.10211	
4.41266 1.0317	1.03198	0.96173	0.962025	1.10584	1.10592	
4.43314 1.03005	1.03035	0.960567	0.960854	1.10976	1.10986	
4.45362 1.03027	1.03057	0.960091	0.96037	1.10875	1.10888	
4.47409 1.02918	1.02949	0.958869	0.959139	1.11103	1.11118	
4.49457 1.02732	1.02763	0.959166	0.959427	1.11208	1.11226	
4.51504 1.02769	1.028	0.95782	0.958072	1.11172	1.11193	
4.53552 1.02668	1.02701	0.958021	0.958264	1.11002	1.11025	
4.556 1.0247	1.02503	0.957616	0.95785	1.11018	1.11044	
4.57647 1.02397	1.0243	0.957895	0.95812	1.11032	1.11061	
4.59695 1.02286	1.0232	0.957241	0.957457	1.10772	1.10804	
4.61743 1.02334	1.02368	0.956931	0.957137	1.10681	1.10715	
4.6379 1.02136	1.02171	0.958086	0.958283	1.10671	1.10709	
4.65838 1.02076	1.02111	0.959052	0.95924	1.10093	1.10133	
4.67886 1.01927	1.01963	0.95924	0.959419	1.10106	1.10149	
4.69933 1.01891	1.01927	0.960472	0.960642	1.09937	1.09982	
4.71981 1.01696	1.01732	0.961616	0.961778	1.0935	1.09397	
4.74029 1.01638	1.01675	0.961878	0.962031	1.09296	1.09345	
4.76076 1.01286	1.01323	0.965981	0.966126	1.0855	1.08601	
4.78124 1.01114	1.01152	0.966485	0.966623	1.08227	1.08281	
4.80171 1.00859	1.00896	0.968478	0.968608	1.07842	1.07897	
4.82219 1.00756	1.00794	0.969879	0.970002	1.07434	1.07491	
4.84267 1.0059	1.00628	0.971982	0.972098	1.06987	1.07046	
4.86314 1.00399	1.00437	0.973707	0.973817	1.06773	1.06833	
4.88362 1.00187	1.00225	0.976141	0.976246	1.06128	1.0619	
4.9041 0.998125	0.998503	0.978292	0.978391	1.05481	1.05544	
4.92457 0.996268	0.996644	0.98131	0.981405	1.04933	1.04997	
4.94505 0.994081	0.994455	0.984488	0.984579	1.0469	1.04755	
4.96553 0.991858	0.992229	0.98589	0.985977	1.03939	1.04005	
4.986 0.988914	0.989281	0.988864	0.988949	1.03453	1.03519	
5.00648 0.987519	0.987882	0.9913	0.991383	1.03237	1.03305	
5.02695 0.98441	0.984767	0.992002	0.992083	1.02501	1.02569	
5.04743 0.981591	0.981943	0.995547	0.995627	1.02054	1.02122	
5.06791 0.980304	0.98065	0.998323	0.998403	1.01513	1.01581	
5.08838 0.97769	0.978029	1.00009	1.00017	1.01078	1.01146	
5.10886 0.975344	0.975676	1.00265	1.00273	1.00518	1.00586	
5.12934 0.97284	0.973164	1.00396	1.00404	0.999537	1.00021	
5.14981 0.971407	0.971722	1.00616	1.00624	0.994879	0.995549	
5.17029 0.969602	0.969908	1.00819	1.00828	0.987594	0.988255	
5.19077 0.968332	0.968628	1.01093	1.01102	0.984828	0.985483	
5.21124 0.967423	0.967711	1.0119	1.01199	0.978741	0.979387	
5.23172 0.965938	0.966215	1.01384	1.01394	0.972777	0.973412	
5.2522 0.964539	0.964806	1.01502	1.01513	0.970025	0.970649	
5.27267 0.964353	0.964609	1.01658	1.01669	0.9668	0.967412	
5.29315 0.962462	0.962707	1.01787	1.01798	0.958873	0.959468	
5.31362 0.96209	0.962323	1.0187	1.01882	0.956639	0.957221	
5.3341 0.961766	0.961988	1.01973	1.01986	0.950662	0.951226	
5.35458 0.96138	0.96159	1.01963	1.01977	0.946141	0.946686	
5.37505 0.961673	0.961872	1.02085	1.02099	0.942193	0.942719	
5.39553 0.961935	0.962122	1.02134	1.02149	0.938902	0.939408	
5.41601 0.961723	0.961899	1.0209	1.02105	0.931448	0.93193	
5.43648 0.961852	0.962016	1.02189	1.02205	0.92982	0.93028	
5.45696 0.962243	0.962395	1.02182	1.02199	0.925322	0.925758	
5.47744 0.962895	0.963036	1.02121	1.02138	0.919529	0.919937	
5.49791 0.96377	0.963899	1.02042	1.0206	0.915793	0.916175	
5.51839 0.964855	0.964974	1.02032	1.02051	0.915009	0.915364	
5.53886 0.96541	0.965518	1.01983	1.02002	0.91215	0.912478	
5.55934 0.966412	0.966508	1.01845	1.01865	0.910062	0.910362	
5.57982 0.967873	0.967959	1.01698	1.01719	0.909319	0.90959	
5.60029 0.969372	0.969448	1.01656	1.01678	0.907777	0.908019	
5.62077 0.971417	0.971483	1.01523	1.01545	0.905139	0.905351	
5.64125 0.972183	0.97224	1.0138	1.01402	0.906684	0.906866	
5.66172 0.974147	0.974196	1.01195	1.01218	0.905956	0.906108	
5.6822 0.974918	0.974957	1.01094	1.01117	0.905122	0.905245	
5.70268 0.978084	0.978116	1.00873	1.00896	0.905658	0.90575	
5.72315 0.979935	0.97996	1.00679	1.00702	0.905401	0.905462	
5.74363 0.981593	0.981612	1.00483	1.00507	0.907578	0.907609	
5.76411 0.983315	0.983328	1.0023	1.00254	0.909502	0.909503	
5.78458 0.984458	0.984465	1.00135	1.00159	0.909949	0.90992	
5.80506 0.986442	0.986444	0.998799	0.999036	0.91306	0.913002	
5.82553 0.987752	0.98775	0.996701	0.996936	0.915681	0.915593	
5.84601 0.989523	0.989517	0.994147	0.994379	0.918423	0.918308	
5.86649 0.992084	0.992075	0.992903	0.993132	0.92122	0.921077	
5.88696 0.993496	0.993484	0.989975	0.9902	0.924548	0.924377	
5.90744 0.994145	0.994132	0.987833	0.988053	0.927752	0.927555	
5.92792 0.995933	0.995918	0.985532	0.985746	0.929269	0.929046	
5.94839 0.996152	0.996135	0.983993	0.984201	0.934674	0.934427	
5.96887 0.997604	0.997587	0.981719	0.981919	0.939033	0.938762	
5.98935 0.999018	0.999	0.980304	0.980497	0.941047	0.940753	
6.00982 0.999988	0.99997	0.977695	0.977878	0.947158	0.946842	
6.0303 1.00093	1.00092	0.976359	0.976533	0.950112	0.949776	
6.05077 1.00247	1.00245	0.975147	0.975311	0.95422	0.953864	
6.07125 1.00321	1.00319	0.973591	0.973744	0.957235	0.956862	
6.09173 1.00354	1.00353	0.972606	0.972748	0.962759	0.962369	
6.1122 1.00381	1.0038	0.970732	0.970862	0.965836	0.965431	
6.13268 1.00385	1.00384	0.970767	0.970886	0.970071	0.969652	
6.15316 1.00486	1.00485	0.96903	0.969136	0.971709	0.971278	
6.17363 1.00501	1.00501	0.968855	0.968948	0.977173	0.976729	
6.19411 1.00585	1.00584	0.968425	0.968505	0.978951	0.978497	
6.21459 1.00522	1.00522	0.967595	0.967662	0.983758	0.983296	
6.23506 1.00607	1.00607	0.968033	0.968087	0.987134	0.986665	
6.25554 1.00587	1.00588	0.968421	0.968461	0.989872	0.989397	
6.27601 1.00465	1.00466	0.967803	0.96783	0.994969	0.994489	
6.29649 1.00539	1.0054	0.967847	0.96786	0.997292	0.996809	
6.31697 1.00437	1.00437	0.969111	0.96911	1.00021	0.999729	
6.33744 1.00501	1.00502	0.969286	0.969272	1.00306	1.00258	
6.35792 1.00445	1.00446	0.969417	0.96939	1.0079	1.00741	
6.3784 1.00409	1.00411	0.969557	0.969517	1.01014	1.00966	
6.39887 1.00329	1.0033	0.970531	0.970478	1.0121	1.01162	
6.41935 1.00273	1.00275	0.971011	0.970945	1.01579	1.01532	
6.43983 1.00312	1.00314	0.973611	0.973533	1.01746	1.017	
6.4603 1.00234	1.00236	0.973962	0.973872	1.02016	1.0197	
6.48078 1.00224	1.00227	0.974972	0.97487	1.02486	1.02441	
6.50126 1.00096	1.00098	0.975774	0.975661	1.0256	1.02517	
6.52173 1.00096	1.00099	0.976789	0.976666	1.02869	1.02827	
6.54221 1.0005	1.00052	0.979116	0.978983	1.02902	1.02862	
6.56268 0.999724	0.999747	0.979563	0.97942	1.03104	1.03064	
6.58316 0.999015	0.999038	0.981468	0.981315	1.03381	1.03343	
6.60364 0.999339	0.999361	0.982645	0.982484	1.03275	1.03239	
6.62411 0.998998	0.999019	0.98398	0.98381	1.03633	1.03599	
6.64459 0.998406	0.998427	0.985342	0.985165	1.03671	1.03638	
6.66507 0.997881	0.997901	0.987353	0.987169	1.03874	1.03844	
6.68554 0.997853	0.997872	0.988678	0.988489	1.03855	1.03827	
6.70602 0.998207	0.998225	0.9902	0.990005	1.03982	1.03956	
6.7265 0.997734	0.99775	0.991627	0.991428	1.04025	1.04001	
6.74697 0.997506	0.997522	0.992936	0.992733	1.04146	1.04124	
6.76745 0.996687	0.996701	0.994632	0.994426	1.04401	1.04381	
6.78792 0.997126	0.997138	0.996029	0.995821	1.04298	1.04281	
6.8084 0.997182	0.997193	0.996536	0.996325	1.04272	1.04256	
6.82888 0.996761	0.99677	0.998933	0.998722	1.04382	1.04369	
6.84935 0.997532	0.99754	0.999421	0.999209	1.04342	1.04332	
6.86983 0.997409	0.997415	1.00207	1.00186	1.04314	1.04306	
6.89031 0.997002	0.997007	1.00261	1.0024	1.04459	1.04453	
6.91078 0.997991	0.997995	1.00386	1.00365	1.04384	1.04381	
6.93126 0.997267	0.997269	1.00545	1.00524	1.04167	1.04165	
6.95174 0.997964	0.997966	1.00643	1.00623	1.04159	1.04161	
6.97221 0.997342	0.997342	1.0082	1.008	1.03971	1.03975	
6.99269 0.998103	0.998102	1.00888	1.00869	1.0386	1.03866	
7.01317 0.997964	0.997961	1.00982	1.00963	1.03883	1.03891	
7.03364 0.997976	0.997973	1.01043	1.01024	1.03678	1.03689	
7.05412 0.998648	0.998643	1.01261	1.01244	1.03617	1.03629	
7.07459 0.998513	0.998508	1.01371	1.01354	1.03522	1.03537	
7.09507 0.998939	0.998933	1.01443	1.01427	1.03522	1.03538	
7.11555 0.998686	0.99868	1.01487	1.01471	1.03347	1.03365	
7.13602 0.999438	0.999431	1.01645	1.0163	1.03068	1.03088	
7.1565 0.999892	0.999886	1.01698	1.01684	1.03023	1.03045	
7.17698 0.999393	0.999386	1.01692	1.01679	1.02895	1.02918	
7.19745 1.0005	1.0005	1.01768	1.01757	1.02604	1.02629	
7.21793 1.00007	1.00007	1.01833	1.01823	1.0267	1.02697	
7.23841 1.00067	1.00066	1.01935	1.01926	1.0232	1.02348	
7.25888 1.00148	1.00147	1.0194	1.01932	1.0211	1.0214	
7.27936 1.00163	1.00163	1.01981	1.01974	1.02023	1.02053	
7.29983 1.00191	1.00191	1.02033	1.02027	1.01882	1.01914	
7.32031 1.00216	1.00215	1.02131	1.02127	1.01772	1.01805	
7.34079 1.00265	1.00265	1.02195	1.02193	1.01434	1.01467	
7.36126 1.00192	1.00192	1.02149	1.02148	1.01418	1.01452	
7.38174 1.00299	1.003	1.02155	1.02155	1.01335	1.01371	
7.40222 1.0025	1.0025	1.02118	1.02119	1.01087	1.01123	
7.42269 1.0038	1.00381	1.02151	1.02154	1.00906	1.00943	
7.44317 1.0032	1.00321	1.02181	1.02185	1.00674	1.00711	
7.46365 1.0032	1.00321	1.02156	1.02162	1.0066	1.00697	
7.48412 1.00381	1.00382	1.02249	1.02256	1.00575	1.00613	
7.5046 1.00395	1.00397	1.02146	1.02154	1.00278	1.00316	
7.52507 1.00443	1.00445	1.0207	1.0208	1.00256	1.00294	
7.54555 1.0047	1.00472	1.0212	1.02131	1.0004	1.00078	
7.56603 1.00485	1.00488	1.02026	1.02039	0.999719	1.0001	
7.5865 1.00534	1.00537	1.01955	1.01969	0.998431	0.998809	
7.60698 1.00478	1.00481	1.01977	1.01992	0.997578	0.997955	
7.62746 1.00522	1.00526	1.0186	1.01876	0.995134	0.995507	
7.64793 1.00575	1.00579	1.01812	1.01829	0.993988	0.994356	
7.66841 1.00576	1.00581	1.0178	1.01798	0.994651	0.995017	
7.68889 1.00618	1.00623	1.01767	1.01787	0.992893	0.993253	
7.70936 1.00512	1.00517	1.01685	1.01706	0.992198	0.992553	
7.72984 1.0064	1.00646	1.01543	1.01566	0.991541	0.99189	
7.75032 1.00583	1.00589	1.01469	1.01492	0.990465	0.990807	
7.77079 1.00672	1.00679	1.01411	1.01436	0.990086	0.990422	
7.79127 1.0064	1.00647	1.01416	1.01441	0.988505	0.988833	
7.81174 1.006	1.00608	1.01285	1.01312	0.988738	0.989058	
7.83222 1.00663	1.0067	1.0119	1.01218	0.986924	0.987235	
7.8527 1.00637	1.00646	1.01086	1.01114	0.987599	0.987901	
7.87317 1.00657	1.00665	1.01008	1.01036	0.987326	0.987619	
7.89365 1.00774	1.00784	1.00949	1.00979	0.987074	0.987358	
7.91413 1.00678	1.00688	1.0075	1.0078	0.985863	0.986137	
7.9346 1.00666	1.00676	1.00679	1.0071	0.98638	0.986645	
7.95508 1.00672	1.00683	1.00697	1.00728	0.986222	0.986477	
7.97556 1.00695	1.00706	1.0047	1.00502	0.986351	0.986596	
7.99603 1.00664	1.00676	1.00421	1.00453	0.98717	0.987406	
8.01651 1.00639	1.00651	1.00367	1.00399	0.986025	0.98625	
8.03698 1.00643	1.00656	1.00292	1.00324	0.987121	0.987338	
8.05746 1.007	1.00713	1.00175	1.00207	0.986909	0.987115	
8.07794 1.00579	1.00593	1.00089	1.00121	0.987759	0.987957	
8.09841 1.00637	1.00651	1.00028	1.00061	0.986062	0.986249	
8.11889 1.00602	1.00617	1.00011	1.00043	0.986786	0.986963	
8.13937 1.00612	1.00627	0.999038	0.999361	0.989856	0.990027	
8.15984 1.00597	1.00612	0.997231	0.997551	0.986858	0.987018	
8.18032 1.00531	1.00548	0.996693	0.997011	0.987886	0.988037	
8.2008 1.00535	1.00552	0.996548	0.996862	0.988396	0.988538	
8.22127 1.00526	1.00543	0.995345	0.995656	0.988301	0.988434	
8.24175 1.00588	1.00606	0.994974	0.995281	0.98892	0.989045	
8.26223 1.00482	1.005	0.993932	0.994234	0.989957	0.990074	
8.2827 1.00448	1.00467	0.994032	0.99433	0.988642	0.98875	
8.30318 1.00454	1.00473	0.993271	0.993563	0.990469	0.990569	
8.32365 1.00384	1.00403	0.9929	0.993186	0.990668	0.99076	
8.34413 1.00398	1.00417	0.991602	0.991882	0.991997	0.992083	
8.36461 1.00354	1.00373	0.991384	0.991657	0.992744	0.992824	
8.38508 1.00293	1.00313	0.991201	0.991467	0.992849	0.992924	
8.40556 1.00291	1.00311	0.990895	0.991153	0.992101	0.992169	
8.42604 1.00226	1.00247	0.991191	0.991443	0.993492	0.993555	
8.44651 1.00192	1.00212	0.990205	0.990448	0.993948	0.994006	
8.46699 1.00144	1.00164	0.989834	0.990069	0.994913	0.994967	
8.48747 1.00125	1.00146	0.989926	0.990152	0.99561	0.99566	
8.50794 1.00096	1.00117	0.989134	0.989351	0.99563	0.995677	
8.52842 1.00122	1.00143	0.989292	0.989501	0.995491	0.995533	
8.54889 1.00032	1.00053	0.989278	0.989478	0.996858	0.996898	
8.56937 0.999787	0.999997	0.989074	0.989264	0.996859	0.996896	
8.58985 0.999298	0.999508	0.98891	0.989091	0.998097	0.998133	
8.61032 0.998484	0.998692	0.989283	0.989454	0.998108	0.998142	
8.6308 0.999294	0.999502	0.988835	0.988996	0.998272	0.998304	
8.65128 0.99841	0.998616	0.989715	0.989868	0.999112	0.999144	
8.67175 0.998061	0.998266	0.989415	0.989559	0.999414	0.999446	
8.69223 0.998042	0.998245	0.989636	0.98977	0.999602	0.999633	
8.71271 0.997971	0.998173	0.989764	0.989889	1.0004	1.00043	
8.73318 0.997545	0.997744	0.990202	0.990319	0.999883	0.999914	
8.75366 0.997266	0.997463	0.989739	0.989846	0.999982	1.00001	
8.77414 0.996548	0.996742	0.990862	0.990961	0.999992	1.00002	
8.79461 0.996016	0.996207	0.990163	0.990253	1.0005	1.00054	
8.81509 0.996132	0.996319	0.990654	0.990736	1.00116	1.0012	
8.83556 0.996069	0.996252	0.991634	0.991708	1.00023	1.00026	
8.85604 0.995979	0.996159	0.991341	0.991407	1.00151	1.00154	
8.87652 0.995432	0.995607	0.992168	0.992226	1.00154	1.00158	
8.89699 0.995161	0.995332	0.992623	0.992675	1.002	1.00204	
8.91747 0.995668	0.995836	0.992483	0.992527	1.00163	1.00167	
8.93795 0.994934	0.995096	0.992759	0.992797	1.00187	1.00191	
8.95842 0.995071	0.995229	0.993609	0.993641	1.00215	1.0022	
8.9789 0.994888	0.995041	0.993071	0.993095	1.00161	1.00166	
8.99938 0.994405	0.994553	0.99428	0.9943	1.00222	1.00227	
9.01985 0.994906	0.995048	0.99443	0.994444	1.00175	1.0018	
9.04033 0.994111	0.994248	0.995033	0.995043	1.0016	1.00165	
9.0608 0.994615	0.994747	0.994764	0.994768	1.00173	1.00178	
9.08128 0.994866	0.994993	0.995653	0.995652	1.001	1.00105	
9.10176 0.994002	0.994123	0.995742	0.995738	1.00202	1.00207	
9.12223 0.993834	0.993948	0.996221	0.996212	1.00186	1.00192	
9.14271 0.994562	0.994671	0.996565	0.996553	1.00191	1.00197	
9.16319 0.994144	0.994247	0.996993	0.996978	1.00038	1.00044	
9.18366 0.994157	0.994254	0.997117	0.997099	1.00005	1.00011	
9.20414 0.99434	0.994432	0.997993	0.997973	1.0012	1.00126	
9.22462 0.994698	0.994785	0.99824	0.998218	1.00067	1.00073	
9.24509 0.995174	0.995256	0.99842	0.998396	1.0003	1.00036	
9.26557 0.994755	0.994831	0.998717	0.998691	1.00158	1.00165	
9.28604 0.995138	0.99521	0.999122	0.999096	1.00074	1.0008	
9.30652 0.995011	0.995076	0.999099	0.999072	1.00033	1.00039	
9.327 0.995278	0.995339	0.999285	0.999258	1.00072	1.00079	
9.34747 0.995226	0.995282	0.999646	0.999617	0.999256	0.999322	
9.36795 0.995993	0.996044	1.00021	1.00018	0.999934	1	
9.38843 0.995743	0.99579	1.00058	1.00056	0.999217	0.999282	
9.4089 0.995276	0.995318	1.00088	1.00085	1.00001	1.00007	
9.42938 0.996134	0.996172	1.00057	1.00055	1.00117	1.00124	
9.44986 0.995418	0.995451	1.00114	1.00112	0.999572	0.999639	
9.47033 0.996612	0.996641	1.00133	1.00131	0.998663	0.998727	
9.49081 0.996662	0.996687	1.00159	1.00157	0.999757	0.999822	
9.51129 0.996686	0.996708	1.00191	1.00189	0.999405	0.999469	
9.53176 0.996776	0.996794	1.0018	1.00178	0.998243	0.998305	
9.55224 0.99691	0.996925	1.00177	1.00175	0.999096	0.999157	
9.57271 0.997169	0.99718	1.00207	1.00206	0.999067	0.999127	
9.59319 0.997853	0.997862	1.00219	1.00218	0.998468	0.998526	
9.61367 0.997887	0.997894	1.00231	1.00231	0.999542	0.9996	
9.63414 0.99819	0.998194	1.00241	1.00241	0.999001	0.999058	
9.65462 0.998444	0.998447	1.00275	1.00275	0.999459	0.999515	
9.6751 0.998239	0.99824	1.00253	1.00253	0.998611	0.998665	
9.69557 0.998311	0.998309	1.00208	1.00208	0.998253	0.998305	
9.71605 0.998993	0.998991	1.00295	1.00295	0.998613	0.998664	
9.73653 0.998561	0.998557	1.0024	1.00241	0.998949	0.998999	
9.757 0.998644	0.998638	1.00319	1.00321	0.99791	0.997958	
9.77748 0.999243	0.999236	1.00312	1.00314	0.998089	0.998134	
9.79795 0.999459	0.999452	1.003	1.00302	0.998895	0.998938	
9.81843 0.999873	0.999865	1.00301	1.00304	0.99919	0.999233	
9.83891 1.0002	1.00019	1.00252	1.00254	0.997835	0.997875	
9.85938 0.999865	0.999857	1.00302	1.00305	0.997522	0.997559	
9.87986 1.0004	1.00039	1.00296	1.003	0.99888	0.998916	
9.90034 1.00028	1.00027	1.00252	1.00256	0.997769	0.997803	
9.92081 1.00059	1.00059	1.0027	1.00275	0.998003	0.998034	
9.94129 1.00089	1.00089	1.0027	1.00274	0.997878	0.997906	
9.96177 1.00086	1.00086	1.00271	1.00276	0.998245	0.99827	
9.98224 1.00104	1.00103	1.00201	1.00206	0.998978	0.999003	
10.0027 1.0011	1.0011	1.00216	1.00221	0.998084	0.998106	
10.0232 1.00117	1.00117	1.00224	1.00229	0.998513	0.998533	
10.0437 1.00103	1.00103	1.00239	1.00245	0.99838	0.998398	
10.0641 1.00163	1.00163	1.00216	1.00223	0.998638	0.998655	
10.0846 1.00129	1.0013	1.00216	1.00223	0.998363	0.998378	
10.1051 1.00149	1.00149	1.00185	1.00192	0.999406	0.99942	
10.1256 1.00195	1.00196	1.00211	1.00218	0.998455	0.998466	
10.1461 1.00154	1.00155	1.00207	1.00215	0.998499	0.998509	
10.1665 1.00214	1.00215	1.00188	1.00196	0.999762	0.999771	
10.187 1.0023	1.00232	1.00128	1.00135	0.998796	0.998804	
10.2075 1.00224	1.00226	1.00134	1.00142	0.999996	1	
10.228 1.00241	1.00244	1.00128	1.00137	0.999785	0.999792	
10.2484 1.00216	1.00218	1.00136	1.00144	0.999472	0.999479	
10.2689 1.0022	1.00223	1.00157	1.00165	0.999657	0.999663	
10.2894 1.00198	1.00201	1.00137	1.00146	1.00088	1.00089	
10.3099 1.00227	1.0023	1.00097	1.00106	1.00124	1.00125	
10.3303 1.00297	1.00301	1.00071	1.0008	1.00092	1.00093	
10.3508 1.0023	1.00235	1.00111	1.0012	0.999905	0.999915	
10.3713 1.00222	1.00227	1.00097	1.00106	1.00068	1.00069	
10.3918 1.00211	1.00216	1.00015	1.00024	1.00103	1.00104	
10.4122 1.00254	1.0026	1.00022	1.00031	1.00073	1.00075	
10.4327 1.00224	1.0023	1.00057	1.00066	1.00125	1.00127	
10.4532 1.00188	1.00194	1.00003	1.00012	1.00103	1.00105	
10.4737 1.00206	1.00213	1.0001	1.0002	1.00215	1.00217	
10.4942 1.00216	1.00223	1.00044	1.00053	1.00227	1.00229	
10.5146 1.00196	1.00203	0.999708	0.999806	1.00126	1.00129	
10.5351 1.00183	1.0019	0.999544	0.999642	1.00153	1.00156	
10.5556 1.00216	1.00224	1.00014	1.00023	1.00123	1.00126	
10.5761 1.00184	1.00192	0.999947	1.00004	1.00155	1.00158	
10.5965 1.0025	1.00259	0.999581	0.999678	1.00109	1.00112	
10.617 1.00185	1.00193	0.999847	0.999944	1.00316	1.0032	
10.6375 1.00216	1.00224	0.999785	0.999882	1.00171	1.00175	
10.658 1.00163	1.00172	0.999296	0.999392	1.00338	1.00342	
10.6784 1.00156	1.00166	0.999872	0.999968	1.00161	1.00166	
10.6989 1.00189	1.00199	0.999608	0.999704	1.00219	1.00225	
10.7194 1.00106	1.00115	0.999416	0.999511	1.00236	1.00242	
10.7399 1.00117	1.00127	0.999528	0.999622	1.003	1.00306	
10.7603 1.00132	1.00142	0.999946	1.00004	1.00249	1.00255	
10.7808 1.0014	1.00151	0.998985	0.999078	1.00308	1.00315	
10.8013 1.00129	1.0014	0.999892	0.999985	1.00257	1.00264	
10.8218 1.0012	1.00131	0.99961	0.999702	1.0021	1.00218	
10.8423 1.00076	1.00087	0.99987	0.999962	1.00268	1.00276	
10.8627 1.00054	1.00065	0.999284	0.999375	1.00247	1.00255	
10.8832 1.00086	1.00097	0.999471	0.999562	1.00231	1.0024	
10.9037 1.00113	1.00124	0.999559	0.999649	1.00258	1.00268	
10.9242 1.00052	1.00064	0.999176	0.999264	1.00288	1.00298	
10.9446 1.00043	1.00054	0.999423	0.999511	1.00204	1.00214	
10.9651 1.00017	1.00029	0.999576	0.999663	1.00277	1.00288	
10.9856 1.00051	1.00063	0.99988	0.999968	1.00239	1.00251	
11.0061 1.00002	1.00014	0.999347	0.999434	1.0018	1.00191	
11.0265 1.00066	1.00078	0.99979	0.999876	1.00179	1.00191	
11.047 1.00009	1.00021	0.999592	0.999678	1.00323	1.00336	
11.0675 1.0001	1.00022	0.999558	0.999643	1.0023	1.00243	
11.088 1.00029	1.00041	1.00031	1.00039	1.00229	1.00242	
11.1084 0.999805	0.999927	1	1.00009	1.00216	1.0023	
11.1289 0.999947	1.00007	1.00014	1.00023	1.00232	1.00246	
11.1494 0.999554	0.999675	1.00001	1.0001	1.00182	1.00196	
11.1699 1.00007	1.00019	1.00035	1.00044	1.00155	1.0017	
11.1903 0.999611	0.999732	1	1.00009	1.00195	1.0021	
11.2108 0.999409	0.999529	1.00033	1.00042	1.00184	1.00199	
11.2313 0.999355	0.999474	1.00008	1.00016	1.00198	1.00214	
11.2518 0.999526	0.999644	0.999941	1.00003	1.00056	1.00071	
11.2723 0.999172	0.999289	1.00015	1.00024	1.00162	1.00178	
11.2927 0.999114	0.99923	0.999928	1.00002	1.00014	1.0003	
11.3132 0.999399	0.999514	1.00027	1.00036	1.00153	1.0017	
11.3337 0.998996	0.99911	1.00053	1.00062	1.00223	1.0024	
11.3542 0.99962	0.999733	1.00019	1.00028	1.00147	1.00165	
11.3746 0.999317	0.999428	1.00054	1.00063	1.0008	1.00098	
11.3951 0.999359	0.99947	1.00033	1.00043	0.999994	1.00017	
11.4156 0.999254	0.999364	0.999779	0.999872	0.999794	0.999968	
11.4361 0.999325	0.999434	1.00042	1.00051	1.00077	1.00095	
11.4565 0.999925	1.00003	1.00023	1.00033	1.00009	1.00027	
11.477 0.999509	0.999617	1.00021	1.00031	1.00024	1.00042	
11.4975 0.999038	0.999144	1.0005	1.0006	0.999794	0.999971	
11.518 0.999565	0.999671	1.00052	1.00062	0.999559	0.999737	
11.5384 0.999216	0.99932	1.00004	1.00014	0.999672	0.999849	
11.5589 0.999693	0.999797	1.00077	1.00087	0.99962	0.999796	
11.5794 0.999084	0.999186	1.0006	1.0007	0.999342	0.999518	
11.5999 0.998856	0.998956	1.00055	1.00065	0.998948	0.999121	
11.6204 0.999316	0.999415	1.00013	1.00023	0.999765	0.999939	
11.6408 0.999018	0.999115	1.00038	1.00048	0.999118	0.99929	
11.6613 0.999025	0.99912	1.00089	1.001	0.999152	0.999323	
11.6818 0.999365	0.99946	1.00044	1.00054	0.998648	0.998816	
11.7023 0.999237	0.99933	1.00043	1.00054	0.998922	0.999089	
11.7227 0.998786	0.998877	1.00022	1.00033	0.998883	0.999048	
11.7432 0.999526	0.999617	1.00036	1.00047	0.998788	0.998951	
11.7637 0.99958	0.99967	0.999974	1.00008	0.998942	0.999103	
11.7842 0.999356	0.999444	1.0002	1.00031	0.998104	0.998261	
11.8046 0.999561	0.999649	1.00057	1.00068	0.997548	0.9977	
11.8251 0.999921	1.00001	1.00014	1.00025	0.997674	0.997821	
11.8456 0.999762	0.999849	1.00043	1.00054	0.998469	0.998614	
11.8661 0.999282	0.999368	1.00008	1.00019	0.997969	0.99811	
11.8865 0.999419	0.999504	0.999977	1.00009	0.998015	0.998152	
11.907 0.999389	0.999473	1.00021	1.00032	0.997259	0.99739	
11.9275 0.999904	0.999988	0.999687	0.999801	0.99754	0.997667	
11.948 0.999315	0.999398	0.999891	1	0.998659	0.998783	
11.9685 0.999688	0.999771	0.999692	0.999806	0.99805	0.99817	
11.9889 0.999873	0.999956	1.00004	1.00016	0.998208	0.998325	
12.0094 0.999338	0.999419	1.00014	1.00025	0.998489	0.998603	
12.0299 0.999912	0.999993	0.999756	0.99987	0.998331	0.998441	
12.0504 0.999705	0.999786	0.999729	0.999842	0.998708	0.998815	
12.0708 1.00024	1.00032	0.99993	1.00004	0.997969	0.998072	
12.0913 1.00005	1.00013	0.999913	1.00003	0.999014	0.999115	
12.1118 0.999622	0.999703	0.999621	0.999734	0.99749	0.997586	
12.1323 0.999806	0.999886	0.999497	0.999609	0.998293	0.998386	
12.1527 0.999976	1.00006	0.999652	0.999764	0.998031	0.998119	
12.1732 0.99985	0.99993	0.999947	1.00006	0.997845	0.997928	
12.1937 1.00003	1.00011	1.00007	1.00019	0.997968	0.998047	
12.2142 0.999963	1.00004	0.999497	0.999609	0.998482	0.998557	
12.2346 0.999878	0.999958	0.999836	0.999947	0.998847	0.99892	
12.2551 0.999835	0.999916	0.999743	0.999854	0.998278	0.998347	
12.2756 1.00026	1.00035	0.999215	0.999324	0.998244	0.998309	
12.2961 1.00019	1.00028	0.99974	0.999849	0.998647	0.998709	
12.3166 1.00014	1.00022	0.99932	0.999427	0.998613	0.998672	
12.337 1.00009	1.00017	0.9992	0.999306	0.998245	0.9983	
12.3575 0.999974	1.00006	0.99959	0.999695	0.998319	0.99837	
12.378 1.00046	1.00054	0.999357	0.999461	0.999414	0.999464	
12.3985 1.00012	1.0002	0.999541	0.999644	0.998932	0.998979	
12.4189 0.999947	1.00003	0.999194	0.999295	0.998953	0.998998	
12.4394 0.999645	0.99973	0.999241	0.99934	0.999044	0.999087	
12.4599 1.00003	1.00012	0.999109	0.999207	0.998639	0.998679	
12.4804 0.999691	0.999775	0.999387	0.999483	0.998566	0.998602	
12.5008 0.999934	1.00002	0.998893	0.998987	0.998705	0.998738	
12.5213 0.999832	0.999916	0.999269	0.999362	0.99952	0.999552	
12.5418 1.00003	1.00011	0.999712	0.999803	0.999567	0.999598	
12.5623 0.999765	0.999849	0.999096	0.999186	0.999943	0.999973	
12.5827 1.00022	1.0003	0.999658	0.999747	0.999034	0.999062	
12.6032 0.999815	0.999899	0.999505	0.999593	0.999487	0.999514	
12.6237 0.999768	0.999852	0.998939	0.999024	0.998922	0.998946	
12.6442 0.999984	1.00007	0.998928	0.999011	0.999141	0.999163	
12.6647 1.00009	1.00017	0.999128	0.999209	1.00042	1.00045	
12.6851 0.999831	0.999915	0.999146	0.999225	0.999271	0.999293	
12.7056 0.999959	1.00004	0.998961	0.999038	0.999934	0.999956	
12.7261 1.00021	1.0003	0.99901	0.999084	0.9999	0.999921	
12.7466 0.999885	0.99997	0.999141	0.999213	1.00019	1.00021	
12.767 0.999613	0.999697	0.999349	0.999419	0.99921	0.99923	
12.7875 0.999954	1.00004	0.999437	0.999506	0.999911	0.99993	
12.808 0.999711	0.999795	0.99927	0.999337	0.999432	0.99945	
12.8285 0.999656	0.999739	0.999705	0.999772	0.999461	0.999477	
12.8489 0.999693	0.999776	0.998963	0.999027	1.00008	1.0001	
12.8694 0.999933	1.00002	0.999032	0.999093	1.00007	1.00009	
12.8899 1.00008	1.00016	0.999209	0.999268	1.00049	1.00051	
12.9104 0.999527	0.999609	0.999323	0.999381	1.0002	1.00021	
12.9308 0.999754	0.999835	0.999573	0.999629	0.999502	0.999519	
12.9513 0.999638	0.999719	0.999221	0.999275	0.99958	0.999597	
12.9718 1.0002	1.00028	0.999782	0.999836	1.00096	1.00098	
12.9923 0.999921	1	0.999308	0.99936	1.00035	1.00037	
13.0127 0.999735	0.999816	0.999282	0.999332	1.00072	1.00074	
13.0332 0.999935	1.00002	0.999315	0.999364	1.00113	1.00115	
13.0537 1.00001	1.00009	0.999675	0.999723	1.0004	1.00043	
13.0742 0.999837	0.999918	1.00007	1.00011	1.00052	1.00055	
13.0947 0.999607	0.999687	0.999517	0.999564	1.00089	1.00093	
13.1151 1.00002	1.0001	0.999702	0.999748	0.999879	0.99991	
13.1356 0.999992	1.00007	0.999801	0.999847	1.00093	1.00097	
13.1561 0.999403	0.999481	0.999823	0.999868	1.00076	1.00079	
13.1766 0.999955	1.00003	0.999948	0.999993	1.00025	1.00029	
13.197 0.999825	0.999904	1.00011	1.00015	1.00096	1.001	
13.2175 0.999434	0.999512	0.999912	0.999957	1.00161	1.00166	
13.238 0.999791	0.999868	0.999704	0.999749	1.00066	1.00071	
13.2585 0.999788	0.999865	0.999855	0.999899	1.00113	1.00119	
13.2789 1.00038	1.00046	0.999778	0.999822	1.00072	1.00077	
13.2994 0.999757	0.999834	0.999808	0.999851	1.00053	1.00059	
13.3199 0.999812	0.999889	0.999799	0.999842	1.00078	1.00084	
13.3404 0.999681	0.999757	1.00042	1.00046	1.00014	1.0002	
13.3608 0.999792	0.999867	0.99995	0.999995	1.00073	1.00079	
13.3813 0.999431	0.999505	1.00037	1.00042	1.00063	1.00069	
13.4018 1.00006	1.00014	0.99996	1.00001	1.00089	1.00096	
13.4223 0.999999	1.00007	1.0004	1.00044	1.00091	1.00098	
13.4428 0.999846	0.999921	1.00007	1.00011	1.00117	1.00124	
13.4632 0.999574	0.999648	1.00015	1.0002	1.00086	1.00094	
13.4837 0.999872	0.999946	1.00016	1.00021	1.00045	1.00053	
13.5042 0.999743	0.999816	1.00019	1.00024	1.00049	1.00058	
13.5247 0.999506	0.999577	0.99997	1.00002	1.00058	1.00066	
13.5451 0.999361	0.99943	0.999901	0.99995	1.00022	1.0003	
13.5656 0.999552	0.99962	1.00042	1.00047	0.999968	1.00005	
13.5861 0.99989	0.999958	1.00003	1.00009	1.00107	1.00116	
13.6066 0.999852	0.999919	1.00001	1.00006	1.00042	1.00051	
13.627 0.999644	0.99971	1.00025	1.0003	1.00057	1.00066	
13.6475 0.999846	0.999912	1.00065	1.0007	1.00036	1.00045	
13.668 0.9997	0.999766	1.00009	1.00014	0.999792	0.999886	
13.6885 0.999907	0.999972	1.0002	1.00025	1.00049	1.00058	
13.7089 0.999868	0.999933	1.0005	1.00056	0.999444	0.999538	
13.7294 1.00003	1.0001	1.00038	1.00044	1.00005	1.00015	
13.7499 1.00006	1.00013	0.999992	1.00005	0.999844	0.999939	
13.7704 1.00002	1.00009	1.00041	1.00047	1.00026	1.00036	
13.7909 0.999632	0.999697	1.00032	1.00038	1.00131	1.00141	
13.8113 0.999858	0.999922	1.00061	1.00068	1.00032	1.00042	
13.8318 0.99962	0.999684	1.00002	1.00008	0.999818	0.99992	
13.8523 0.999939	1	1.00023	1.0003	0.99993	1.00003	
13.8728 1.00012	1.00019	1.00065	1.00072	1.00018	1.00028	
13.8932 0.999753	0.999817	1.00027	1.00034	0.999723	0.999826	
13.9137 0.999491	0.999553	1.00035	1.00043	0.999876	0.999979	
13.9342 0.999858	0.999919	1.0002	1.00028	1.00013	1.00023	
13.9547 1.00022	1.00028	1.00021	1.00029	0.999907	1.00001	
13.9751 1.00035	1.00042	1.00044	1.00052	1.00035	1.00045	
13.9956 1.00002	1.00009	1.00046	1.00054	1.00036	1.00047	
14.0161 1.00016	1.00022	1.00014	1.00022	1.00006	1.00017	
14.0366 1.00003	1.0001	1.00021	1.0003	1.00074	1.00085	
14.057 0.999966	1.00003	1.00041	1.00049	0.999967	1.00008	
14.0775 0.999833	0.999898	1.00029	1.00038	1.00067	1.00078	
14.098 0.999994	1.00006	1.00092	1.00101	0.999482	0.999595	
14.1185 1.00005	1.00011	1.00033	1.00042	0.999983	1.0001	
14.139 1.00005	1.00012	1.00017	1.00026	1.00015	1.00026	
14.1594 0.999808	0.999874	1.00031	1.0004	0.999253	0.999365	
14.1799 1.0001	1.00017	1.0003	1.0004	0.999345	0.999454	
14.2004 1.00036	1.00043	1.00064	1.00074	1.00028	1.00039	
14.2209 1.00018	1.00025	0.999916	1.00001	0.999923	1.00003	
14.2413 1.00031	1.00038	1.00036	1.00046	0.999327	0.999435	
14.2618 1.00018	1.00025	1.00052	1.00062	0.999471	0.999578	
14.2823 0.999684	0.999756	1.00015	1.00025	1.00031	1.00042	
14.3028 1.00008	1.00015	1.00008	1.00018	0.999921	1.00003	
14.3232 1.00043	1.0005	0.99993	1.00004	0.999678	0.999786	
14.3437 0.999996	1.00007	1.00005	1.00016	0.999901	1.00001	
14.3642 0.999957	1.00003	1.00019	1.0003	0.999828	0.999936	
14.3847 0.999902	0.999977	1.00029	1.0004	0.999624	0.999731	
14.4051 1.00015	1.00023	0.999927	1.00004	0.999266	0.99937	
14.4256 1.0004	1.00048	0.999646	0.999754	1.00022	1.00033	
14.4461 1.00028	1.00036	0.999892	1	0.999015	0.999116	
14.4666 0.999962	1.00004	1.00001	1.00012	0.999272	0.999371	
14.487 0.999791	0.999871	0.999939	1.00005	1.00001	1.00011	
14.5075 0.999984	1.00006	0.999926	1.00003	0.998518	0.99861	
14.528 1.00011	1.00019	0.999738	0.999846	0.999483	0.999573	
14.5485 0.999989	1.00007	0.999867	0.999975	0.999894	0.999985	
14.569 1.00013	1.00021	0.99979	0.999898	1.00033	1.00042	
14.5894 0.999886	0.999968	0.999435	0.99954	1.00005	1.00015	
14.6099 1.00021	1.0003	0.999758	0.999862	1.00013	1.00022	
14.6304 1.00034	1.00042	0.999823	0.999927	0.999742	0.999835	
14.6509 1.00001	1.0001	0.999603	0.999706	0.999993	1.00009	
14.6713 1.00032	1.00041	0.999912	1.00001	1.00022	1.00031	
14.6918 1.00007	1.00016	0.99982	0.999923	0.999757	0.999851	
14.7123 1.0002	1.00029	0.999849	0.999951	0.999747	0.999841	
14.7328 1.0001	1.00019	0.999978	1.00008	0.999785	0.999878	
14.7532 1.00015	1.00024	0.999945	1.00005	1.0002	1.0003	
14.7737 1.00003	1.00012	1.00007	1.00018	0.999417	0.99951	
14.7942 1.00018	1.00028	0.999665	0.999767	0.999845	0.999937	
14.8147 0.999943	1.00004	0.999857	0.99996	0.999906	0.999998	
14.8351 1.00004	1.00013	0.999379	0.999478	0.999287	0.999376	
14.8556 1.00003	1.00012	0.999854	0.999953	0.999224	0.999309	
14.8761 0.999959	1.00005	0.999605	0.999703	0.998806	0.998886	
14.8966 0.999785	0.99988	1.00002	1.00012	0.999762	0.999841	
14.9171 0.999985	1.00008	0.999569	0.999666	0.999449	0.999526	
14.9375 1.00029	1.00039	0.999994	1.00009	1.00002	1.0001	
14.958 1.00013	1.00023	0.999799	0.999896	1.00028	1.00036	
14.9785 0.999951	1.00005	0.999916	1.00001	0.999958	1.00004	
14.999 0.999861	0.999959	0.999728	0.999825	0.999653	0.999731	
15.0194 1.00014	1.00024	0.999597	0.999691	1.00024	1.00032	
15.0399 1.00014	1.00024	0.99995	1.00004	0.999483	0.99956	
15.0604 0.999832	0.999933	0.999839	0.999934	1.00067	1.00075	
15.0809 0.999789	0.999889	0.99992	1.00001	0.99906	0.999136	
15.1013 0.999943	1.00004	0.999548	0.999641	0.999321	0.999394	
15.1218 0.999663	0.999761	0.999761	0.999852	1.00022	1.00029	
15.1423 1.00011	1.00021	0.999564	0.999654	0.999927	1	
15.1628 1.00009	1.0002	0.999689	0.999778	1.0003	1.00038	
15.1832 0.999628	0.999728	0.999864	0.999953	0.999272	0.999345	
15.2037 0.999671	0.99977	0.999657	0.999745	0.999528	0.999599	
15.2242 1.00003	1.00013	0.999807	0.999894	1.00054	1.00062	
15.2447 0.999831	0.999929	1.00021	1.00029	1.00008	1.00015	
15.2652 1.00015	1.00025	0.999882	0.99997	0.999595	0.999669	
15.2856 0.999762	0.999861	0.999778	0.999866	1.00038	1.00045	
15.3061 0.999628	0.999725	0.999621	0.999707	0.999558	0.999632	
15.3266 0.99996	1.00006	0.999781	0.999866	1.00037	1.00044	
15.3471 0.999733	0.99983	0.999455	0.999538	1.00079	1.00087	
15.3675 1.00004	1.00014	0.99973	0.999812	0.999519	0.999598	
15.388 0.999832	0.99993	1.00001	1.00009	1.00063	1.00071	
15.4085 0.999859	0.999957	0.999658	0.999739	1.00006	1.00014	
15.429 1.00011	1.00021	0.999706	0.999786	1.00002	1.0001	
15.4494 0.999846	0.999944	1.00001	1.00009	0.999763	0.999846	
15.4699 0.999855	0.999953	0.999889	0.999969	1.00011	1.00019	
15.4904 1.00025	1.00035	0.999763	0.999842	1.00104	1.00113	
15.5109 0.999562	0.999659	0.999955	1.00003	0.999714	0.999803	
15.5313 0.999716	0.999813	1.00003	1.00011	1.00052	1.00061	
15.5518 0.999536	0.999631	1.00007	1.00015	1.0001	1.00019	
15.5723 1.00017	1.00027	0.999639	0.999718	1.0001	1.00019	
15.5928 0.999583	0.999677	0.999759	0.999837	1	1.0001	
15.6133 0.999526	0.999619	1.00014	1.00022	0.99973	0.999825	
15.6337 0.999621	0.999712	1.00025	1.00033	1.00067	1.00077	
15.6542 0.999731	0.999821	0.999788	0.999868	1.00024	1.00034	
15.6747 1.00004	1.00013	0.999993	1.00007	0.99991	1.00001	
15.6952 0.999831	0.999921	0.999773	0.999854	0.999777	0.999877	
15.7156 0.99953	0.999618	1.00008	1.00016	0.999944	1.00004	
15.7361 0.999937	1.00002	1.00009	1.00017	0.99981	0.99991	
15.7566 0.999593	0.999679	0.999709	0.99979	0.999793	0.999893	
15.7771 0.999927	1.00001	0.999811	0.999892	0.999868	0.999967	
15.7975 0.999473	0.999556	1.00006	1.00014	0.999867	0.999966	
15.818 1.00009	1.00017	0.999934	1.00002	0.999724	0.999822	
15.8385 0.999645	0.999728	0.99951	0.999589	0.999168	0.999261	
15.859 0.999455	0.999535	0.999842	0.999921	0.999586	0.999677	
15.8794 1.00003	1.00011	0.999663	0.99974	1.00003	1.00012	
15.8999 1.00006	1.00014	0.999811	0.999887	1.00001	1.0001	
15.9204 1.00013	1.00022	0.999787	0.999863	0.999346	0.999436	
15.9409 0.999926	1.00001	0.999891	0.999966	0.999273	0.999359	
15.9613 0.999622	0.999704	0.999979	1.00005	0.99988	0.999966	
15.9818 1.00004	1.00012	0.99982	0.999895	1.00012	1.00021	
16.0023 0.999915	0.999997	1.00008	1.00016	1.00012	1.0002	
16.0228 0.999651	0.999731	1.00016	1.00024	0.999693	0.99978	
16.0433 0.999974	1.00006	1.00002	1.0001	0.999549	0.999634	
16.0637 0.999718	0.999797	1.0001	1.00017	1.00017	1.00026	
16.0842 0.99971	0.999789	0.99961	0.999687	0.99953	0.999614	
16.1047 1.00022	1.0003	0.999701	0.999776	0.999601	0.999683	
16.1252 1.00013	1.00021	1.00025	1.00033	1.00008	1.00016	
16.1456 0.999956	1.00004	1.00013	1.00021	0.999243	0.999321	
16.1661 0.999708	0.999788	0.999834	0.999913	1.00001	1.00009	
16.1866 0.999594	0.999672	1.0001	1.00018	0.999416	0.999492	
16.2071 0.999672	0.999749	0.999891	0.99997	0.999339	0.999412	
16.2275 1.00005	1.00013	1.00011	1.00019	0.99929	0.999358	
16.248 1.00035	1.00043	0.99999	1.00007	1.00073	1.00081	
16.2685 0.99975	0.99983	1.00031	1.00039	1.00018	1.00026	
16.289 1.00021	1.0003	0.999923	1.00001	0.999464	0.999536	
16.3094 1.00006	1.00015	0.999809	0.999892	1.00028	1.00036	
16.3299 0.999647	0.999727	1.00002	1.00011	0.999307	0.999378	
16.3504 0.999837	0.999917	1.00005	1.00014	0.999599	0.999668	
16.3709 0.999826	0.999905	1.00005	1.00013	1.00006	1.00013	
16.3914 0.999887	0.999966	1.00011	1.0002	1.0005	1.00057	
16.4118 0.999623	0.9997	0.999708	0.999793	0.99967	0.999741	
16.4323 0.999758	0.999834	1.00027	1.00035	0.999875	0.999946	
16.4528 1.00001	1.00009	0.999973	1.00006	0.999973	1.00004	
16.4733 0.99947	0.999543	0.999866	0.999953	1.00007	1.00014	
16.4937 1.00014	1.00022	0.999724	0.99981	0.999836	0.999907	
16.5142 1.00001	1.00008	0.999331	0.999413	0.999929	1	
16.5347 0.999656	0.99973	1.00009	1.00017	0.99942	0.999488	
16.5552 0.999685	0.999757	1.00009	1.00017	0.999847	0.999914	
16.5756 1.00013	1.00021	0.999957	1.00004	0.999742	0.999808	
16.5961 1.00008	1.00015	0.999487	0.999569	1.00053	1.0006	
16.6166 1.00016	1.00023	1.00032	1.0004	0.99983	0.999899	
16.6371 0.999849	0.999924	0.999725	0.999808	1.00015	1.00022	
16.6575 1.00001	1.00009	0.999805	0.999887	0.999898	0.999969	
16.678 0.999636	0.99971	0.999968	1.00005	0.999765	0.999834	
16.6985 1.00014	1.00022	0.999306	0.999385	0.99956	0.999627	
16.719 0.999901	0.999977	1.00012	1.0002	0.999821	0.999887	
16.7395 0.999993	1.00007	1.00011	1.00019	1.00039	1.00046	
16.7599 0.999969	1.00005	1.00002	1.0001	1.00002	1.00009	
16.7804 0.999847	0.999922	0.999996	1.00008	0.999538	0.999605	
16.8009 0.999937	1.00001	0.999939	1.00002	0.999245	0.999307	
16.8214 0.999997	1.00007	1.00023	1.00032	1.00033	1.00039	
16.8418 0.999927	1	0.999917	1	1.00037	1.00043	
16.8623 1.00013	1.00021	0.999819	0.999904	1.00017	1.00024	
16.8828 0.999578	0.999654	1.00001	1.00009	0.999862	0.999931	
16.9033 0.999899	0.999975	0.999979	1.00006	0.999812	0.999881	
16.9237 1.00001	1.00008	0.999951	1.00004	1.00001	1.00008	
16.9442 1.00013	1.00021	0.999987	1.00007	0.999659	0.999726	
16.9647 0.999904	0.999981	0.999574	0.999658	1.00036	1.00043	
16.9852 0.99997	1.00005	0.999806	0.999889	1.00048	1.00055	
17.0056 0.999895	0.999972	0.999749	0.999831	1.00022	1.0003	
17.0261 0.999819	0.999895	0.99988	0.999962	0.999991	1.00007	
17.0466 0.999581	0.999654	0.999937	1.00002	0.999905	0.999982	
17.0671 1.00047	1.00055	0.999549	0.999627	0.999523	0.999597	
17.0876 0.999835	0.999913	0.999772	0.99985	1.00024	1.00032	
17.108 1.00002	1.0001	1.00009	1.00016	1.00033	1.00041	
17.1285 1.00011	1.00019	0.999745	0.999823	0.999501	0.999578	
17.149 1.00015	1.00023	0.999602	0.999677	0.999589	0.999662	
17.1695 1.00006	1.00014	0.999799	0.999874	1.00036	1.00044	
17.1899 0.999997	1.00008	1.00012	1.0002	1.00058	1.00066	
17.2104 0.999962	1.00005	1.00003	1.00011	1.00005	1.00013	
17.2309 0.999676	0.999757	0.999848	0.999924	1.00026	1.00035	
17.2514 0.99986	0.999941	0.99999	1.00007	1.00002	1.0001	
17.2718 0.99953	0.999608	0.999791	0.999867	0.999994	1.00008	
17.2923 0.999943	1.00002	1.00018	1.00026	1.00007	1.00016	
17.3128 1.0001	1.00017	1.00002	1.0001	0.999471	0.999556	
17.3333 0.999873	0.999952	0.999955	1.00003	1.00038	1.00047	
17.3537 0.999524	0.9996	0.999845	0.999923	1.00056	1.00065	
17.3742 0.999984	1.00006	0.999643	0.999719	0.998888	0.998974	
17.3947 0.999718	0.999793	0.999845	0.99992	1.00005	1.00014	
17.4152 1.00011	1.00018	0.999419	0.99949	1.00034	1.00043	
17.4356 1.00008	1.00015	0.999944	1.00002	1.00028	1.00037	
17.4561 0.999758	0.999834	1.00001	1.00008	0.999521	0.999611	
17.4766 1.00021	1.00029	0.999894	0.999965	0.998968	0.99905	
17.4971 0.999979	1.00006	0.999615	0.999684	0.999966	1.00005	
17.5176 1.00001	1.00009	0.999691	0.999758	0.999039	0.999115	
17.538 0.999986	1.00007	0.999926	0.999993	0.999894	0.999969	
17.5585 0.999372	0.999448	0.999596	0.99966	0.9999	0.999975	
17.579 0.99988	0.999955	0.99988	0.999944	0.999598	0.99967	
17.5995 1.00002	1.0001	1.0003	1.00037	1.00023	1.00031	
17.6199 0.999889	0.999965	1.00012	1.00019	0.99998	1.00006	
17.6404 0.999361	0.999432	1.00045	1.00052	1.00028	1.00036	
17.6609 1.00003	1.0001	0.999921	0.999993	1.0002	1.00028	
17.6814 1.00005	1.00012	1.00023	1.00031	1.00028	1.00037	
17.7018 1.00012	1.00019	0.99997	1.00005	1.00034	1.00042	
17.7223 0.999787	0.999861	0.999667	0.999741	0.999917	1	
17.7428 1.0004	1.00048	0.999998	1.00007	0.999446	0.999529	
17.7633 1.00013	1.00021	1.00025	1.00033	0.999792	0.999875	
17.7837 1.00016	1.00024	1.00016	1.00023	1.0003	1.00039	
17.8042 0.99977	0.99985	1.00005	1.00013	1.00121	1.00131	
17.8247 1.0001	1.00018	0.999405	0.99948	0.999842	0.999938	
17.8452 1.00018	1.00026	1.00017	1.00025	1.0002	1.0003	
17.8657 0.999982	1.00007	0.999839	0.999916	1.0008	1.0009	
17.8861 0.999912	0.999996	0.999944	1.00002	0.999358	0.999461	
17.9066 0.999835	0.999919	1.00002	1.0001	0.99987	0.999972	
17.9271 0.99961	0.999691	0.999747	0.999824	1.00024	1.00035	
17.9476 0.999775	0.999855	0.999995	1.00007	0.99844	0.998532	
17.968 0.999932	1.00001	0.999668	0.999743	0.999959	1.00005	
17.9885 1.00008	1.00017	1.00016	1.00024	0.998926	0.99901	
18.009 1.00007	1.00015	1.00004	1.00012	1.00001	1.00009	
18.0295 0.999867	0.999949	0.999664	0.999739	1.00058	1.00067	
18.0499 0.999754	0.999835	1.00035	1.00043	1.00018	1.00028	
18.0704 1.0001	1.00018	0.999761	0.999839	0.999495	0.999584	
18.0909 1.00012	1.00021	0.999614	0.999689	0.999463	0.999548	
18.1114 0.999814	0.999897	1.00043	1.00051	0.999864	0.999949	
18.1318 0.999716	0.999797	1.00002	1.0001	1.00037	1.00046	
18.1523 0.999655	0.999734	0.999964	1.00005	1.00023	1.00032	
18.1728 1.00032	1.00041	0.999745	0.999824	0.999981	1.00007	
18.1933 1.0001	1.00019	0.99954	0.999616	0.99901	0.999094	
18.2138 1.00007	1.00015	0.999693	0.999767	0.999459	0.999539	
18.2342 0.999912	0.999998	0.999784	0.999856	1.00043	1.00051	
18.2547 1.00006	1.00015	0.999694	0.999764	1.00059	1.00068	
18.2752 1.00004	1.00013	0.999908	0.999978	0.999967	1.00006	
18.2957 1.00005	1.00014	0.99992	0.999989	0.999214	0.999298	
18.3161 0.999862	0.999951	1.00001	1.00008	0.999942	1.00003	
18.3366 0.999743	0.999831	1.00015	1.00022	0.999843	0.999928	
18.3571 0.999824	0.999911	1.00023	1.00031	0.999954	1.00004	
18.3776 0.999894	0.999981	1.00012	1.0002	0.999647	0.999729	
18.398 1.00014	1.00023	0.999988	1.00007	0.999867	0.999949	
18.4185 1.00006	1.00015	1.00038	1.00046	0.999751	0.999831	
18.439 0.99999	1.00008	0.999733	0.999814	1.00017	1.00026	
18.4595 1.00015	1.00024	1.00022	1.00031	0.998757	0.998828	
18.4799 0.999719	0.999811	1.00012	1.0002	1.00004	1.00011	
18.5004 0.999735	0.999825	0.999874	0.99996	0.999328	0.999393	
18.5209 0.999588	0.999675	1.00016	1.00024	0.999558	0.999619	
18.5414 0.999735	0.999819	1.00048	1.00057	1.00023	1.00029	
18.5619 0.999569	0.99965	1.00006	1.00015	0.999625	0.999686	
18.5823 0.999561	0.999638	0.999817	0.999912	0.999621	0.999679	
18.6028 1.00035	1.00043	0.999788	0.999881	1.00016	1.00022	
18.6233 0.999814	0.999895	0.999963	1.00006	1.00095	1.00102	
18.6438 0.999989	1.00007	1.00011	1.00021	1.0002	1.00027	
18.6642 0.999662	0.99974	1.00034	1.00044	0.999517	0.999586	
18.6847 0.999933	1.00001	1.00014	1.00025	1.00033	1.00041	
18.7052 0.999521	0.999595	0.999677	0.999779	0.999606	0.999676	
18.7257 0.999827	0.999901	0.999911	1.00001	1.00034	1.00041	
18.7461 1.00024	1.00032	1.0001	1.00021	0.999376	0.999445	
18.7666 0.999953	1.00003	0.999658	0.999759	0.999213	0.999274	
18.7871 0.99954	0.999613	1.00023	1.00033	1.00021	1.00028	
18.8076 0.999778	0.99985	0.999642	0.999744	0.999991	1.00006	
18.828 1.00025	1.00033	0.999981	1.00008	0.999644	0.999705	
18.8485 1.00022	1.0003	0.999817	0.999919	1.0005	1.00057	
18.869 0.999628	0.999703	0.999623	0.999722	0.999243	0.999303	
18.8895 1.00018	1.00025	0.9995	0.999595	0.999741	0.999798	
18.91 1.00011	1.00019	1.00012	1.00022	0.998574	0.998616	
18.9304 0.999846	0.999925	0.999801	0.999897	1.00009	1.00013	
18.9509 0.999776	0.999853	0.999662	0.999755	1.00055	1.0006	
18.9714 0.999919	0.999997	0.999745	0.999836	1.00064	1.0007	
18.9919 0.999627	0.999701	1.00005	1.00014	1.00005	1.00011	
19.0123 0.999998	1.00007	0.999859	0.999951	0.999333	0.999385	
19.0328 0.999553	0.999623	0.999879	0.999971	1.00011	1.00016	
19.0533 0.999763	0.999831	0.999464	0.999551	0.999601	0.999651	
19.0738 1.00009	1.00016	0.999914	1	1.00003	1.00008	
19.0942 1.00028	1.00035	0.999975	1.00006	1.0004	1.00046	
19.1147 0.999803	0.999876	0.999868	0.999955	1.00039	1.00045	
19.1352 1.00003	1.00011	0.999747	0.999832	0.999108	0.99916	
19.1557 0.999708	0.999779	0.999828	0.999912	0.999702	0.99975	
19.1761 0.999889	0.99996	1.00001	1.0001	1.00096	1.00102	
19.1966 1.00004	1.00011	0.999837	0.999921	0.999427	0.999482	
19.2171 1.00016	1.00024	1	1.00009	1.00069	1.00075	
19.2376 0.999963	1.00004	0.999878	0.999963	0.999601	0.999661	
19.258 0.999748	0.999822	0.999636	0.999717	1.00086	1.00093	
19.2785 0.999645	0.999715	0.999846	0.999926	1.00049	1.00057	
19.299 0.999752	0.99982	0.999967	1.00005	0.99976	0.999836	
19.3195 0.999796	0.999862	0.999738	0.999817	0.999669	0.999742	
19.34 0.999872	0.999937	1.00007	1.00016	1.00087	1.00096	
19.3604 1.00001	1.00008	1.00036	1.00045	0.999991	1.00008	
19.3809 1.00008	1.00014	0.99987	0.999956	1.00007	1.00016	
19.4014 1.00022	1.00029	1.00023	1.00032	0.999656	0.99974	
19.4219 0.999888	0.99996	0.999486	0.99957	1.00161	1.00171	
19.4423 1.0002	1.00028	0.999457	0.999536	1.0001	1.00021	
19.4628 1.00002	1.0001	0.999878	0.999956	1.0003	1.00041	
19.4833 1.00037	1.00046	0.999606	0.99968	1.00041	1.00054	
19.5038 1.00033	1.00042	1.00032	1.0004	0.99989	1.00001	
19.5242 0.999787	0.999873	1.00011	1.00019	0.999959	1.00008	
19.5447 1.00051	1.00061	1.00001	1.00009	0.999739	0.99986	
19.5652 0.999638	0.999728	1.00012	1.00021	0.999767	0.999887	
19.5857 0.999809	0.999898	0.999647	0.999729	0.999136	0.999245	
19.6061 1.0002	1.0003	1.00016	1.00025	0.999154	0.999253	
19.6266 0.999887	0.99998	0.999997	1.00008	0.999782	0.99988	
19.6471 1.00004	1.00013	0.999907	0.999993	0.999828	0.999924	
19.6676 1.00026	1.00036	0.999679	0.999762	1.00073	1.00083	
19.6881 1.0001	1.00021	1.00021	1.0003	0.999451	0.999553	
19.7085 0.999597	0.999695	0.999195	0.999272	1.00098	1.0011	
19.729 0.9997	0.999795	1.00018	1.00026	0.999644	0.999758	
19.7495 0.999657	0.999749	0.999471	0.999545	1.00026	1.00038	
19.77 1.00036	1.00046	0.999758	0.99983	1.00032	1.00044	
19.7904 0.999608	0.999702	1.00011	1.00018	0.999416	0.999534	
19.8109 1.00032	1.00042	1.00031	1.00039	0.998374	0.998471	
19.8314 0.999634	0.99973	1.00001	1.0001	0.999851	0.999947	
19.8519 1.00012	1.00022	0.999913	0.999994	1.00031	1.00042	
19.8723 0.999547	0.99964	0.999919	1	0.998668	0.998752	
19.8928 0.99984	0.999933	1.00008	1.00016	1.00038	1.00048	
19.9133 0.999709	0.999799	0.999641	0.99972	0.999058	0.999137	
19.9338 1.00034	1.00044	1.00042	1.00051	0.999315	0.999385	
19.9542 0.999588	0.999679	0.999962	1.00005	1.00007	1.00014	
19.9747 0.999383	0.999467	0.999469	0.999549	0.999806	0.999876	
19.9952 0.999778	0.999859	0.999471	0.999545	1.00039	1.00047	
20.0157 0.999746	0.999825	0.999936	1.00001	1.00085	1.00094	
20.0362 0.999983	1.00006	1.00016	1.00024	0.999161	0.999241	
20.0566 1.00029	1.00037	0.999851	0.999928	1.00016	1.00024	
20.0771 1.00016	1.00025	0.999863	0.999938	0.999209	0.999282	
20.0976 0.999541	0.999624	0.999631	0.999703	1.00038	1.00046	
20.1181 0.999614	0.999693	1.00018	1.00026	0.999531	0.999605	
20.1385 1.00003	1.00012	0.999405	0.999472	0.99919	0.999253	
20.159 1.00081	1.0009	0.999991	1.00006	1.00059	1.00066	
20.1795 0.999778	0.99987	0.999665	0.999729	1.00026	1.00034	
20.2 1.00013	1.00023	0.999977	1.00004	1.00062	1.00071	
20.2204 1.0003	1.00041	1.00038	1.00045	0.999665	0.99975	
20.2409 0.999633	0.999731	0.999829	0.999899	1.00055	1.00065	
20.2614 1.00074	1.00085	1.00009	1.00017	0.999749	0.999841	
20.2819 0.999369	0.999472	1.00013	1.0002	1.00075	1.00085	
20.3023 1.0001	1.00021	1.00061	1.00069	0.999342	0.999439	
20.3228 0.999994	1.0001	1.00029	1.00038	1.00016	1.00026	
20.3433 0.999417	0.999518	1.00031	1.00041	1.00078	1.0009	
20.3638 0.999703	0.9998	1.00005	1.00015	1.00092	1.00105	
20.3843 0.999701	0.999795	1.00018	1.00029	0.998909	0.999024	
20.4047 1.0001	1.0002	1.00016	1.00027	0.998857	0.998956	
20.4252 0.999879	0.999975	0.998978	0.999073	1.00016	1.00026	
20.4457 0.999283	0.99937	1.0002	1.0003	0.999488	0.999585	
20.4662 0.99863	0.998697	1.00011	1.00021	0.999361	0.999449	
