#NOTE: MSDs should be divided by the temperature.
#NOTE: MSDs have been divided by 2 or 10 (i.e., the viscosity computed from all components).
#Time	MSD_xx	MSD_yy	MSD_zz	MSD_xy	MSD_xz	MSD_yz	MSD_off	MSD_all	MSD_bulkvisc
 10 1.38198e+09 1.38338e+09 1.38142e+09 1.38942e+09 1.38668e+09 1.38639e+09 1.3875e+09 1.3854e+09 1.61439e+09
 20 4.98073e+09 4.98516e+09 4.9777e+09 5.00953e+09 4.99969e+09 4.99696e+09 5.00206e+09 4.99372e+09 6.20851e+09
 30 9.97752e+09 9.98477e+09 9.96858e+09 1.00387e+10 1.00203e+10 1.00099e+10 1.0023e+10 1.00046e+10 1.33616e+10
 40 1.57087e+10 1.57192e+10 1.5689e+10 1.58108e+10 1.57855e+10 1.57605e+10 1.57856e+10 1.57536e+10 2.27018e+10
 50 2.17091e+10 2.17238e+10 2.16715e+10 2.18581e+10 2.18284e+10 2.17843e+10 2.18236e+10 2.17748e+10 3.39286e+10
 60 2.77283e+10 2.77474e+10 2.7662e+10 2.79261e+10 2.78954e+10 2.78318e+10 2.78844e+10 2.78157e+10 4.67897e+10
 70 3.36461e+10 3.36696e+10 3.35379e+10 3.38906e+10 3.38646e+10 3.3783e+10 3.38461e+10 3.37548e+10 6.10533e+10
 80 3.94505e+10 3.94784e+10 3.92869e+10 3.9738e+10 3.97236e+10 3.96253e+10 3.96957e+10 3.95795e+10 7.65008e+10
 90 4.52149e+10 4.52481e+10 4.49854e+10 4.55441e+10 4.55472e+10 4.54342e+10 4.55085e+10 4.53649e+10 9.29375e+10
 100 5.10607e+10 5.11007e+10 5.07579e+10 5.14329e+10 5.14579e+10 5.13304e+10 5.14071e+10 5.12335e+10 1.10202e+11
 100 5.10886e+10 5.12668e+10 5.08647e+10 5.13303e+10 5.13772e+10 5.14361e+10 5.13812e+10 5.12581e+10 1.10303e+11
 200 1.28864e+11 1.28986e+11 1.27648e+11 1.29874e+11 1.30499e+11 1.30217e+11 1.30197e+11 1.29518e+11 3.0963e+11
 300 2.31936e+11 2.31113e+11 2.28574e+11 2.33802e+11 2.3536e+11 2.34237e+11 2.34467e+11 2.32896e+11 5.34746e+11
 400 3.51761e+11 3.48825e+11 3.45356e+11 3.53853e+11 3.56906e+11 3.54547e+11 3.55102e+11 3.5252e+11 7.8397e+11
 500 4.84031e+11 4.78457e+11 4.74342e+11 4.86507e+11 4.91285e+11 4.87503e+11 4.88431e+11 4.84636e+11 1.05952e+12
 600 6.26687e+11 6.18379e+11 6.1324e+11 6.29429e+11 6.36135e+11 6.30673e+11 6.32079e+11 6.27022e+11 1.35863e+12
 700 7.7769e+11 7.66766e+11 7.60664e+11 7.80905e+11 7.89455e+11 7.8224e+11 7.842e+11 7.77869e+11 1.67535e+12
 800 9.35303e+11 9.2176e+11 9.14452e+11 9.39281e+11 9.50094e+11 9.39918e+11 9.43098e+11 9.35394e+11 2.00451e+12
 900 1.09831e+12 1.08232e+12 1.07428e+12 1.10287e+12 1.11662e+12 1.10285e+12 1.10744e+12 1.09845e+12 2.3438e+12
 1000 1.26589e+12 1.2475e+12 1.23867e+12 1.27105e+12 1.28792e+12 1.27055e+12 1.27651e+12 1.26618e+12 2.69203e+12
 1000 1.27211e+12 1.24175e+12 1.2455e+12 1.26432e+12 1.28796e+12 1.26693e+12 1.27307e+12 1.26509e+12 2.7013e+12
 2000 3.09701e+12 3.03875e+12 3.0395e+12 3.06866e+12 3.1378e+12 3.08922e+12 3.09856e+12 3.08251e+12 6.43998e+12
 3000 5.05102e+12 4.90665e+12 4.90886e+12 4.96468e+12 5.11829e+12 5.03018e+12 5.03772e+12 5.00483e+12 1.04264e+13
 4000 7.03649e+12 6.7785e+12 6.80288e+12 6.866e+12 7.10093e+12 7.04217e+12 7.00303e+12 6.95087e+12 1.44314e+13
 5000 9.00665e+12 8.64063e+12 8.67815e+12 8.80523e+12 9.04581e+12 9.12061e+12 8.99055e+12 8.90439e+12 1.85204e+13
 6000 1.10197e+13 1.04944e+13 1.05672e+13 1.07678e+13 1.0963e+13 1.123e+13 1.09869e+13 1.08697e+13 2.26229e+13
 7000 1.31095e+13 1.23649e+13 1.24889e+13 1.27468e+13 1.29118e+13 1.33718e+13 1.30101e+13 1.28679e+13 2.67662e+13
 8000 1.52047e+13 1.42421e+13 1.44501e+13 1.47172e+13 1.48488e+13 1.55116e+13 1.50258e+13 1.48684e+13 3.09256e+13
 9000 1.73095e+13 1.60946e+13 1.64792e+13 1.66704e+13 1.68002e+13 1.76105e+13 1.7027e+13 1.68673e+13 3.51248e+13
 10000 1.94326e+13 1.7909e+13 1.85508e+13 1.85681e+13 1.87347e+13 1.97033e+13 1.9002e+13 1.88535e+13 3.9302e+13
 10000 1.98738e+13 1.78523e+13 1.85704e+13 1.90537e+13 1.77888e+13 1.94355e+13 1.87594e+13 1.87618e+13 3.969e+13
 20000 4.10552e+13 3.49719e+13 3.8499e+13 3.73945e+13 3.71153e+13 3.89178e+13 3.78092e+13 3.79557e+13 8.29926e+13
 30000 6.29312e+13 5.16353e+13 5.87964e+13 5.65004e+13 5.79308e+13 5.72353e+13 5.72222e+13 5.74483e+13 1.26871e+14
 40000 8.51584e+13 6.81114e+13 7.83526e+13 7.5433e+13 7.96295e+13 7.45214e+13 7.6528e+13 7.67998e+13 1.6932e+14
 50000 1.09399e+14 8.52703e+13 9.83522e+13 9.55403e+13 1.01156e+14 9.27575e+13 9.64847e+13 9.69603e+13 2.1138e+14
 60000 1.32951e+14 1.02727e+14 1.19848e+14 1.15594e+14 1.21249e+14 1.10399e+14 1.15747e+14 1.16852e+14 2.50282e+14
 70000 1.57124e+14 1.19585e+14 1.4124e+14 1.36919e+14 1.39266e+14 1.28098e+14 1.34761e+14 1.36583e+14 2.88866e+14
 80000 1.80393e+14 1.36067e+14 1.61684e+14 1.57269e+14 1.55961e+14 1.46284e+14 1.53171e+14 1.55655e+14 3.27958e+14
 90000 2.04044e+14 1.54996e+14 1.81122e+14 1.76513e+14 1.74059e+14 1.64811e+14 1.71794e+14 1.75098e+14 3.65094e+14
 100000 2.2641e+14 1.73299e+14 2.00343e+14 1.95098e+14 1.91937e+14 1.82922e+14 1.89986e+14 1.93999e+14 4.03033e+14
 100000 1.91975e+14 1.46829e+14 2.04346e+14 2.0113e+14 2.12838e+14 2.29101e+14 2.14356e+14 2.01034e+14 3.95478e+14
 200000 4.04371e+14 3.25289e+14 4.17397e+14 3.69328e+14 4.34212e+14 3.9632e+14 3.99953e+14 3.92913e+14 7.64014e+14
 300000 6.30858e+14 5.02557e+14 6.82601e+14 5.39303e+14 6.66068e+14 5.35163e+14 5.80178e+14 5.90242e+14 1.03071e+15
 400000 8.70679e+14 5.90776e+14 8.73037e+14 7.12231e+14 8.95649e+14 7.6107e+14 7.8965e+14 7.85056e+14 1.34746e+15
 500000 1.11514e+15 6.94915e+14 1.07186e+15 7.60963e+14 1.11237e+15 9.80946e+14 9.51428e+14 9.55112e+14 1.78055e+15
 600000 1.36573e+15 8.52741e+14 1.22912e+15 8.68951e+14 1.37051e+15 1.20339e+15 1.14762e+15 1.14825e+15 2.30345e+15
 700000 1.57401e+15 1.03746e+15 1.41283e+15 9.61047e+14 1.66702e+15 1.43963e+15 1.3559e+15 1.35011e+15 2.80433e+15
 800000 1.78317e+15 1.1868e+15 1.64011e+15 1.06411e+15 1.94371e+15 1.72183e+15 1.57655e+15 1.56061e+15 3.24875e+15
 900000 1.87449e+15 1.32668e+15 1.85009e+15 1.19965e+15 2.24182e+15 1.85641e+15 1.76596e+15 1.73308e+15 3.86198e+15
 1e+06 1.9468e+15 1.45366e+15 2.05969e+15 1.36505e+15 2.50257e+15 2.02718e+15 1.96493e+15 1.90698e+15 4.40493e+15
 1e+06 2.61839e+15 1.5297e+15 3.10879e+15 9.41408e+14 2.51948e+15 1.97864e+15 1.81317e+15 2.05549e+15 5.24101e+15
 2e+06 3.9285e+15 3.1668e+15 6.46457e+15 2.48907e+15 4.25173e+15 4.37162e+15 3.70414e+15 4.03047e+15 7.41302e+15
 3e+06 1.91805e+15 5.19447e+15 5.57053e+15 4.36772e+15 7.11118e+15 8.15477e+15 6.54456e+15 5.61781e+15 1.14252e+16
 4e+06 2.10439e+15 4.50323e+15 5.80757e+15 5.93929e+15 1.02139e+16 1.33313e+16 9.82815e+15 7.55225e+15 8.42379e+15
 5e+06 4.19152e+15 3.90417e+15 5.01001e+15 5.37489e+15 1.08402e+16 2.0327e+16 1.21807e+16 9.05586e+15 8.14718e+15
 6e+06 2.7765e+15 3.57754e+15 9.69425e+14 5.27609e+15 1.05505e+16 2.68345e+16 1.42204e+16 9.50867e+15 1.10432e+16
 7e+06 1.33369e+15 6.25274e+15 3.64137e+15 2.75539e+15 1.01666e+16 2.7893e+16 1.3605e+16 9.66003e+15 1.07799e+16
 8e+06 1.64048e+15 9.65045e+15 1.11096e+16 1.77395e+15 1.29428e+16 2.80774e+16 1.42647e+16 1.15456e+16 6.73544e+15
 9e+06 6.93434e+14 1.40451e+16 1.45762e+16 5.70732e+14 1.30623e+16 3.43604e+16 1.59978e+16 1.35073e+16 3.55042e+15
 1e+07 5.07878e+14 8.87338e+15 1.3627e+16 6.03685e+14 5.04726e+15 2.50263e+16 1.02257e+16 9.20321e+15 3.32473e+06
 1e+07 5.07878e+14 8.87338e+15 1.3627e+16 6.03685e+14 5.04726e+15 2.50263e+16 1.02257e+16 9.20321e+15 3.32473e+06
