# Radius 	finiterdf__H_Water_H_Water	rdf__H_Water_H_Water	finiterdf__H_Water_O_Water	rdf__H_Water_O_Water	finiterdf__O_Water_O_Water	rdf__O_Water_O_Water	
0.0102382 0	0	0	0	0	0	
0.0307146 0	0	0	0	0	0	
0.051191 0	0	0	0	0	0	
0.0716674 0	0	0	0	0	0	
0.0921438 0	0	0	0	0	0	
0.11262 0	0	0	0	0	0	
0.133097 0	0	0	0	0	0	
0.153573 0	0	0	0	0	0	
0.174049 0	0	0	0	0	0	
0.194526 0	0	0	0	0	0	
0.215002 0	0	0	0	0	0	
0.235479 0	0	0	0	0	0	
0.255955 0	0	0	0	0	0	
0.276431 0	0	0	0	0	0	
0.296908 0	0	0	0	0	0	
0.317384 0	0	0	0	0	0	
0.337861 0	0	0	0	0	0	
0.358337 0	0	0	0	0	0	
0.378813 0	0	0	0	0	0	
0.39929 0	0	0	0	0	0	
0.419766 0	0	0	0	0	0	
0.440242 0	0	0	0	0	0	
0.460719 0	0	0	0	0	0	
0.481195 0	0	0	0	0	0	
0.501672 0	0	0	0	0	0	
0.522148 0	0	0	0	0	0	
0.542624 0	0	0	0	0	0	
0.563101 0	0	0	0	0	0	
0.583577 0	0	0	0	0	0	
0.604054 0	0	0	0	0	0	
0.62453 0	0	0	0	0	0	
0.645006 0	0	0	0	0	0	
0.665483 0	0	0	0	0	0	
0.685959 0	0	0	0	0	0	
0.706436 0	0	0	0	0	0	
0.726912 0	0	0	0	0	0	
0.747388 0	0	0	0	0	0	
0.767865 0	0	0	0	0	0	
0.788341 0	0	0	0	0	0	
0.808818 0	0	0	0	0	0	
0.829294 0	0	0	0	0	0	
0.84977 0	0	0	0	0	0	
0.870247 0	0	0	0	0	0	
0.890723 0	0	0	0	0	0	
0.9112 0	0	0	0	0	0	
0.931676 0	0	0	0	0	0	
0.952152 0	0	0	0	0	0	
0.972629 0	0	0	0	0	0	
0.993105 0	0	119.604	119.733	0	0	
1.01358 0	0	0	0	0	0	
1.03406 0	0	0	0	0	0	
1.05453 0	0	0	0	0	0	
1.07501 0	0	0	0	0	0	
1.09549 0	0	0	0	0	0	
1.11596 0	0	0	0	0	0	
1.13644 0	0	0	0	0	0	
1.15692 0	0	0	0	0	0	
1.17739 0	0	0	0	0	0	
1.19787 0	0	0	0	0	0	
1.21835 0	0	0	0	0	0	
1.23882 0	0	0	0	0	0	
1.2593 0	0	0	0	0	0	
1.27977 0	0	0	0	0	0	
1.30025 4.36039e-06	4.36142e-06	0	0	0	0	
1.32073 8.45247e-06	8.45432e-06	0	0	0	0	
1.3412 8.19635e-06	8.19799e-06	0	0	0	0	
1.36168 1.98793e-05	1.98828e-05	0	0	0	0	
1.38216 6.17428e-05	6.17526e-05	3.85892e-06	3.86195e-06	0	0	
1.40263 0.000116159	0.000116176	5.99533e-05	5.99991e-05	0	0	
1.42311 0.000189281	0.000189304	0.000374923	0.000375201	0	0	
1.44359 0.000374975	0.00037501	0.00148575	0.00148682	0	0	
1.46406 0.000622503	0.000622548	0.00494563	0.00494908	0	0	
1.48454 0.00086636	0.000866403	0.0148184	0.0148284	0	0	
1.50501 0.0016208	0.00162084	0.0354168	0.0354399	0	0	
1.52549 0.00252477	0.00252477	0.0746596	0.0747065	0	0	
1.54597 0.00376615	0.00376605	0.142799	0.142886	0	0	
1.56644 0.0056422	0.00564191	0.242678	0.24282	0	0	
1.58692 0.00807359	0.00807296	0.380354	0.380572	0	0	
1.6074 0.0118323	0.0118311	0.546122	0.546427	0	0	
1.62787 22.2743	22.2853	0.73763	0.738036	0	0	
1.64835 0.0227476	0.0227582	0.935205	0.935719	0	0	
1.66883 0.0313781	0.0313918	1.12528	1.1259	0	0	
1.6893 0.0418644	0.0418814	1.28892	1.28964	0	0	
1.70978 0.0546238	0.0546445	1.42779	1.42861	0	0	
1.73026 0.0707061	0.0707308	1.52023	1.52113	0	0	
1.75073 0.0905327	0.0905617	1.57636	1.57733	0	0	
1.77121 0.11165	0.111682	1.59516	1.59616	0	0	
1.79168 0.138369	0.138405	1.57187	1.57289	0	0	
1.81216 0.167741	0.16778	1.52375	1.52477	0	0	
1.83264 0.20243	0.202471	1.45002	1.45101	0	0	
1.85311 0.239847	0.239889	1.36886	1.36981	0	0	
1.87359 0.28204	0.282082	1.27835	1.27926	0	0	
1.89407 0.327021	0.327062	1.1831	1.18395	0	0	
1.91454 0.375018	0.375055	1.08352	1.0843	0	0	
1.93502 0.426797	0.426829	0.990108	0.99082	0	0	
1.9555 0.479169	0.479195	0.899542	0.900184	0	0	
1.97597 0.536975	0.536995	0.814402	0.814978	0	0	
1.99645 0.592518	0.592529	0.739014	0.739528	0	0	
2.01692 0.653439	0.653441	0.664381	0.664833	0	0	
2.0374 0.711804	0.711798	0.600507	0.600906	0	0	
2.05788 0.771479	0.771464	0.544204	0.544553	0	0	
2.07835 0.831236	0.831213	0.49249	0.492795	0	0	
2.09883 0.889894	0.889865	0.446794	0.44706	0	0	
2.11931 0.949014	0.948981	0.406104	0.406334	0	0	
2.13978 1.00353	1.0035	0.372871	0.37307	0	0	
2.16026 1.05476	1.05473	0.340816	0.340987	0	0	
2.18074 1.10448	1.10445	0.312699	0.312845	0	0	
2.20121 1.15155	1.15152	0.289036	0.28916	0	0	
2.22169 1.19514	1.19513	0.269693	0.269799	0	0	
2.24217 1.23004	1.23004	0.25	0.250088	0	0	
2.26264 1.262	1.26202	0.236942	0.237015	0	0	
2.28312 1.28951	1.28955	0.22393	0.22399	0	0	
2.30359 1.31577	1.31583	0.214147	0.214195	0	0	
2.32407 1.33347	1.33356	0.205478	0.205515	0	0	
2.34455 1.34642	1.34654	0.19838	0.198406	0	0	
2.36502 1.35286	1.35302	0.194057	0.194073	0	0	
2.3855 1.35263	1.35281	0.190915	0.190921	5.18188e-05	5.17606e-05	
2.40598 1.35124	1.35145	0.18905	0.189048	0.000366772	0.000366337	
2.42645 1.34444	1.34467	0.188966	0.188953	0.0015426	0.00154068	
2.44693 1.32852	1.32879	0.191653	0.19163	0.00623993	0.00623176	
2.46741 1.31151	1.31179	0.195722	0.195689	0.0198877	0.0198604	
2.48788 1.29068	1.29099	0.201724	0.20168	0.0517102	0.051636	
2.50836 1.26201	1.26233	0.20857	0.208513	0.118114	0.117938	
2.52883 1.23366	1.234	0.217272	0.217201	0.234936	0.234573	
2.54931 1.19803	1.19837	0.230018	0.22993	0.41954	0.418874	
2.56979 1.16377	1.16412	0.243336	0.243231	0.681393	0.680297	
2.59026 1.12529	1.12563	0.259355	0.259229	1.01275	1.01112	
2.61074 1.08868	1.08902	0.278019	0.277869	1.38616	1.38397	
2.63122 1.04916	1.04949	0.297343	0.297167	1.78078	1.77807	
2.65169 1.0087	1.00902	0.321146	0.32094	2.16625	2.16314	
2.67217 0.971387	0.971691	0.34641	0.34617	2.50343	2.50012	
2.69265 0.936762	0.937051	0.375144	0.374867	2.76846	2.76517	
2.71312 0.902057	0.902328	0.405041	0.404723	2.94913	2.94608	
2.7336 0.869616	0.869869	0.4362	0.435838	3.04686	3.0442	
2.75408 0.840485	0.840718	0.471894	0.471482	3.06654	3.06437	
2.77455 0.813156	0.813369	0.509984	0.509518	3.00645	3.00482	
2.79503 0.787606	0.787799	0.549562	0.549039	2.90599	2.90488	
2.8155 0.768371	0.768544	0.591915	0.591332	2.75982	2.75917	
2.83598 0.751454	0.751607	0.637775	0.637126	2.59102	2.59076	
2.85646 0.736381	0.736514	0.684762	0.684048	2.4127	2.41275	
2.87693 0.724432	0.724546	0.73466	0.733876	2.23006	2.23035	
2.89741 0.714789	0.714883	0.790284	0.789426	2.04933	2.0498	
2.91789 0.709269	0.709343	0.844673	0.843744	1.87955	1.88012	
2.93836 0.705192	0.705247	0.903476	0.902475	1.72661	1.72725	
2.95884 0.701703	0.701738	0.964616	0.963543	1.58226	1.58293	
2.97932 0.702788	0.702804	1.02649	1.02536	1.45708	1.45776	
2.99979 0.701577	0.701572	1.08975	1.08855	1.34498	1.34565	
3.02027 0.705225	0.7052	1.155	1.15374	1.24983	1.25049	
3.04074 0.710197	0.710151	1.21806	1.21676	1.16856	1.16919	
3.06122 0.715173	0.715107	1.27835	1.27703	1.09636	1.09697	
3.0817 0.722179	0.722092	1.33425	1.33291	1.03748	1.03806	
3.10217 0.730469	0.730361	1.38412	1.38279	0.987424	0.987973	
3.12265 0.738892	0.738762	1.43192	1.43061	0.947644	0.948166	
3.14313 0.749779	0.749628	1.47045	1.46917	0.910629	0.911122	
3.1636 0.758615	0.758442	1.50239	1.50117	0.882265	0.882731	
3.18408 0.769293	0.769099	1.52689	1.52573	0.862946	0.86339	
3.20456 0.783538	0.783322	1.54653	1.54545	0.84673	0.847151	
3.22503 0.792108	0.791871	1.55662	1.55563	0.830645	0.831043	
3.24551 0.808124	0.807864	1.55966	1.55876	0.819444	0.819819	
3.26598 0.821324	0.821044	1.56093	1.56013	0.811128	0.811482	
3.28646 0.834166	0.833865	1.55228	1.55159	0.806556	0.80689	
3.30694 0.84881	0.84849	1.54116	1.54057	0.804111	0.804426	
3.32741 0.863004	0.862664	1.52636	1.52587	0.799468	0.799762	
3.34789 0.876486	0.876128	1.50836	1.50797	0.79714	0.797414	
3.36837 0.892872	0.892496	1.48727	1.48696	0.799181	0.799436	
3.38884 0.907122	0.906729	1.46554	1.46533	0.802196	0.802433	
3.40932 0.922332	0.921923	1.44134	1.44121	0.8035	0.803718	
3.4298 0.938169	0.937746	1.42005	1.41999	0.806213	0.806412	
3.45027 0.952739	0.952304	1.39332	1.39333	0.811874	0.812055	
3.47075 0.967128	0.966682	1.36672	1.36679	0.815253	0.815415	
3.49123 0.98378	0.983325	1.34041	1.34055	0.818615	0.818759	
3.5117 0.997387	0.996924	1.31685	1.31704	0.826547	0.826673	
3.53218 1.01271	1.01224	1.28966	1.2899	0.832908	0.833016	
3.55265 1.02924	1.02877	1.2652	1.26548	0.834437	0.834527	
3.57313 1.04237	1.0419	1.2417	1.24201	0.84174	0.841813	
3.59361 1.0549	1.05443	1.21652	1.21687	0.845245	0.8453	
3.61408 1.06798	1.06751	1.19359	1.19396	0.852293	0.852331	
3.63456 1.08197	1.08152	1.17182	1.17221	0.860106	0.860127	
3.65504 1.0945	1.09405	1.14961	1.15002	0.863872	0.863877	
3.67551 1.10321	1.10277	1.12966	1.13008	0.875748	0.875737	
3.69599 1.11458	1.11416	1.11078	1.11121	0.879507	0.87948	
3.71647 1.12589	1.12548	1.09172	1.09216	0.884259	0.884217	
3.73694 1.13493	1.13454	1.07582	1.07626	0.892191	0.892135	
3.75742 1.14274	1.14238	1.05969	1.06014	0.904625	0.904555	
3.77789 1.14975	1.14941	1.04613	1.04658	0.906021	0.905938	
3.79837 1.15385	1.15354	1.03568	1.03613	0.914649	0.914553	
3.81885 1.15924	1.15895	1.02389	1.02434	0.92439	0.924281	
3.83932 1.16322	1.16296	1.01611	1.01656	0.931998	0.931879	
3.8598 1.16772	1.16749	1.00828	1.00872	0.936563	0.936434	
3.88028 1.16821	1.16801	1.00083	1.00127	0.944862	0.944723	
3.90075 1.1658	1.16564	0.995125	0.995564	0.951728	0.95158	
3.92123 1.16748	1.16735	0.990809	0.991245	0.965014	0.964859	
3.94171 1.16316	1.16306	0.98646	0.986892	0.969034	0.968873	
3.96218 1.16039	1.16032	0.983399	0.983827	0.977737	0.977571	
3.98266 1.15535	1.15531	0.981052	0.981476	0.984657	0.984487	
4.00314 1.14872	1.14871	0.977201	0.97762	0.989376	0.989204	
4.02361 1.14199	1.14201	0.976807	0.977222	1.00177	1.0016	
4.04409 1.1356	1.13565	0.973838	0.974247	1.0086	1.00843	
4.06456 1.12912	1.12919	0.973136	0.97354	1.01589	1.01572	
4.08504 1.12008	1.12017	0.972129	0.972528	1.02464	1.02447	
4.10552 1.11193	1.11205	0.971788	0.972182	1.03045	1.03029	
4.12599 1.10143	1.10156	0.970269	0.970658	1.03819	1.03803	
4.14647 1.09498	1.09513	0.970764	0.971147	1.04686	1.04671	
4.16695 1.08695	1.08712	0.969668	0.970045	1.04902	1.04888	
4.18742 1.07847	1.07866	0.968866	0.969237	1.05845	1.05831	
4.2079 1.07243	1.07263	0.968397	0.968763	1.06227	1.06215	
4.22838 1.06528	1.06549	0.967674	0.968033	1.06926	1.06915	
4.24885 1.05962	1.05985	0.96639	0.966743	1.07563	1.07554	
4.26933 1.05474	1.05497	0.967307	0.967654	1.07932	1.07925	
4.2898 1.04891	1.04915	0.965755	0.966095	1.08385	1.0838	
4.31028 1.04553	1.04578	0.964893	0.965226	1.08904	1.089	
4.33076 1.04279	1.04305	0.964772	0.965098	1.09153	1.09152	
4.35123 1.04024	1.04051	0.963983	0.964302	1.09916	1.09916	
4.37171 1.03662	1.03689	0.962969	0.96328	1.1016	1.10163	
4.39219 1.03362	1.0339	0.96136	0.961663	1.10445	1.1045	
4.41266 1.03294	1.03323	0.960144	0.960439	1.10498	1.10506	
4.43314 1.03173	1.03203	0.960389	0.960675	1.10815	1.10826	
4.45362 1.0294	1.0297	0.96156	0.961839	1.11044	1.11056	
4.47409 1.02869	1.029	0.958298	0.958568	1.10873	1.10889	
4.49457 1.02718	1.02749	0.960265	0.960527	1.11185	1.11203	
4.51504 1.02657	1.02689	0.95829	0.958543	1.11124	1.11145	
4.53552 1.02635	1.02667	0.957082	0.957325	1.11398	1.11422	
4.556 1.02524	1.02557	0.957503	0.957738	1.11346	1.11372	
4.57647 1.02405	1.02438	0.957427	0.957652	1.10966	1.10995	
4.59695 1.02346	1.0238	0.956922	0.957138	1.10951	1.10983	
4.61743 1.02241	1.02276	0.957753	0.95796	1.10873	1.10908	
4.6379 1.02221	1.02256	0.958538	0.958735	1.10335	1.10373	
4.65838 1.02036	1.02072	0.958794	0.958982	1.10151	1.1019	
4.67886 1.01917	1.01953	0.960397	0.960577	1.09995	1.10037	
4.69933 1.01847	1.01884	0.961094	0.961265	1.09659	1.09703	
4.71981 1.01706	1.01742	0.962001	0.962163	1.09239	1.09286	
4.74029 1.01574	1.01611	0.963235	0.96339	1.08915	1.08964	
4.76076 1.01372	1.0141	0.964345	0.964491	1.08733	1.08784	
4.78124 1.0123	1.01268	0.966191	0.96633	1.08218	1.08272	
4.80171 1.01047	1.01085	0.967696	0.967827	1.07935	1.07991	
4.82219 1.00853	1.00891	0.970554	0.970678	1.07512	1.0757	
4.84267 1.00621	1.00659	0.971274	0.971391	1.07079	1.07138	
4.86314 1.00384	1.00422	0.974217	0.974328	1.06596	1.06657	
4.88362 1.00107	1.00145	0.976373	0.976478	1.05968	1.0603	
4.9041 0.998926	0.999305	0.97882	0.97892	1.05729	1.05792	
4.92457 0.996156	0.996533	0.980641	0.980737	1.05101	1.05165	
4.94505 0.994429	0.994804	0.984201	0.984293	1.04511	1.04576	
4.96553 0.992217	0.992589	0.985815	0.985903	1.04142	1.04208	
4.986 0.989918	0.990287	0.988518	0.988603	1.03696	1.03763	
5.00648 0.985885	0.986248	0.990471	0.990554	1.02873	1.0294	
5.02695 0.984493	0.984852	0.993253	0.993334	1.02427	1.02494	
5.04743 0.981828	0.982181	0.995075	0.995155	1.02017	1.02085	
5.06791 0.97971	0.980057	0.997015	0.997094	1.0136	1.01428	
5.08838 0.977664	0.978004	1.00044	1.00052	1.00967	1.01035	
5.10886 0.976162	0.976496	1.00231	1.00239	1.00386	1.00454	
5.12934 0.973525	0.97385	1.00376	1.00384	0.998394	0.999067	
5.14981 0.971436	0.971752	1.00704	1.00712	0.993892	0.99456	
5.17029 0.969307	0.969614	1.00862	1.0087	0.989665	0.990328	
5.19077 0.968173	0.968471	1.01052	1.01061	0.983821	0.984475	
5.21124 0.966682	0.96697	1.0122	1.01229	0.979342	0.979988	
5.23172 0.964921	0.965199	1.01351	1.0136	0.973642	0.974277	
5.2522 0.963472	0.963739	1.01509	1.0152	0.969532	0.970155	
5.27267 0.963417	0.963673	1.01585	1.01596	0.963557	0.964165	
5.29315 0.962295	0.962539	1.01652	1.01663	0.96059	0.961186	
5.31362 0.962073	0.962306	1.01875	1.01887	0.95629	0.956871	
5.3341 0.960964	0.961186	1.01933	1.01945	0.951195	0.951758	
5.35458 0.961128	0.961338	1.02028	1.02041	0.946428	0.946972	
5.37505 0.96033	0.960528	1.02072	1.02086	0.942093	0.942618	
5.39553 0.961568	0.961755	1.02171	1.02186	0.936364	0.936867	
5.41601 0.960409	0.960584	1.02091	1.02106	0.932496	0.932977	
5.43648 0.961466	0.961629	1.0211	1.02126	0.928754	0.929212	
5.45696 0.962531	0.962682	1.02082	1.02098	0.926017	0.926451	
5.47744 0.9634	0.96354	1.022	1.02217	0.922974	0.923383	
5.49791 0.963851	0.963979	1.01994	1.02012	0.917409	0.917791	
5.51839 0.964651	0.964769	1.02084	1.02103	0.913742	0.914097	
5.53886 0.964937	0.965043	1.01974	1.01993	0.911934	0.912261	
5.55934 0.96654	0.966635	1.01819	1.01839	0.910392	0.910691	
5.57982 0.968491	0.968576	1.01659	1.0168	0.90922	0.909491	
5.60029 0.968745	0.96882	1.01628	1.0165	0.907095	0.907336	
5.62077 0.971691	0.971757	1.01612	1.01634	0.904696	0.904907	
5.64125 0.972547	0.972603	1.0141	1.01432	0.905082	0.905264	
5.66172 0.973822	0.97387	1.01283	1.01306	0.905021	0.905172	
5.6822 0.97547	0.975509	1.01073	1.01096	0.904986	0.905107	
5.70268 0.977613	0.977645	1.00894	1.00917	0.904029	0.904119	
5.72315 0.979346	0.979371	1.00677	1.007	0.907936	0.907996	
5.74363 0.981237	0.981254	1.00445	1.00469	0.906466	0.906496	
5.76411 0.982956	0.982967	1.00224	1.00248	0.909891	0.909891	
5.78458 0.984725	0.984731	1.00111	1.00134	0.911175	0.911145	
5.80506 0.986142	0.986143	0.998785	0.999021	0.91278	0.912721	
5.82553 0.988197	0.988194	0.996753	0.996987	0.915344	0.915256	
5.84601 0.990282	0.990275	0.993936	0.994167	0.919598	0.919481	
5.86649 0.991578	0.991568	0.99171	0.991938	0.919389	0.919245	
5.88696 0.992751	0.992738	0.990443	0.990668	0.924772	0.9246	
5.90744 0.994336	0.994321	0.987545	0.987764	0.926857	0.926659	
5.92792 0.995163	0.995147	0.986152	0.986365	0.932399	0.932175	
5.94839 0.996995	0.996977	0.983798	0.984004	0.934878	0.93463	
5.96887 0.998214	0.998195	0.982317	0.982517	0.936879	0.936607	
5.98935 0.99992	0.999901	0.978954	0.979145	0.942129	0.941834	
6.00982 1.00119	1.00118	0.977503	0.977685	0.94745	0.947133	
6.0303 1.0017	1.00168	0.976017	0.976189	0.950706	0.950369	
6.05077 1.00197	1.00196	0.973772	0.973934	0.954286	0.95393	
6.07125 1.00284	1.00283	0.97415	0.974301	0.956147	0.955774	
6.09173 1.00352	1.0035	0.973165	0.973306	0.960684	0.960293	
6.1122 1.00403	1.00401	0.970649	0.970778	0.965876	0.96547	
6.13268 1.00384	1.00383	0.970855	0.970972	0.969084	0.968663	
6.15316 1.00512	1.00511	0.969481	0.969585	0.97233	0.971897	
6.17363 1.00489	1.00488	0.969621	0.969714	0.977694	0.977249	
6.19411 1.0049	1.0049	0.967937	0.968016	0.979967	0.979512	
6.21459 1.00558	1.00558	0.968539	0.968606	0.985491	0.985027	
6.23506 1.00624	1.00624	0.968238	0.968291	0.988151	0.987681	
6.25554 1.00532	1.00532	0.967883	0.967923	0.989863	0.989387	
6.27601 1.00532	1.00533	0.968473	0.968499	0.99427	0.993789	
6.29649 1.00549	1.0055	0.968307	0.968319	0.998262	0.997779	
6.31697 1.00478	1.00479	0.968006	0.968005	1.00165	1.00116	
6.33744 1.00478	1.00479	0.969117	0.969103	1.00381	1.00333	
6.35792 1.00424	1.00425	0.968766	0.968738	1.00793	1.00745	
6.3784 1.00426	1.00427	0.970138	0.970097	1.009	1.00852	
6.39887 1.00404	1.00405	0.970869	0.970815	1.01194	1.01146	
6.41935 1.00323	1.00325	0.971155	0.971088	1.01616	1.01569	
6.43983 1.00305	1.00307	0.972725	0.972646	1.01728	1.01682	
6.4603 1.00231	1.00233	0.973389	0.973298	1.02036	1.01991	
6.48078 1.00249	1.00251	0.975287	0.975184	1.02421	1.02376	
6.50126 1.00153	1.00155	0.97602	0.975906	1.02402	1.02359	
6.52173 1.00039	1.00041	0.977639	0.977514	1.0277	1.02728	
6.54221 1.00037	1.00039	0.978864	0.978729	1.0294	1.02899	
6.56268 0.998967	0.99899	0.979466	0.979321	1.03178	1.03138	
6.58316 0.999189	0.999211	0.981402	0.981249	1.0335	1.03312	
6.60364 0.998721	0.998743	0.983279	0.983117	1.03435	1.03399	
6.62411 0.998434	0.998455	0.983812	0.983642	1.03637	1.03603	
6.64459 0.998953	0.998973	0.985529	0.985352	1.03596	1.03563	
6.66507 0.998428	0.998448	0.987714	0.987531	1.03699	1.03669	
6.68554 0.997945	0.997963	0.9884	0.98821	1.03896	1.03868	
6.70602 0.997806	0.997824	0.990598	0.990403	1.04031	1.04005	
6.7265 0.996731	0.996748	0.991735	0.991535	1.04163	1.04138	
6.74697 0.997806	0.997821	0.992984	0.992781	1.04081	1.04059	
6.76745 0.997257	0.997271	0.994122	0.993915	1.04176	1.04156	
6.78792 0.996077	0.996089	0.995339	0.99513	1.04308	1.0429	
6.8084 0.997077	0.997087	0.997977	0.997766	1.04369	1.04354	
6.82888 0.996275	0.996284	0.998758	0.998546	1.04344	1.04331	
6.84935 0.996876	0.996883	1.00006	0.999853	1.04249	1.04238	
6.86983 0.997076	0.997081	1.00159	1.00138	1.04257	1.04248	
6.89031 0.997832	0.997836	1.00261	1.0024	1.04244	1.04238	
6.91078 0.996792	0.996794	1.00438	1.00417	1.04266	1.04263	
6.93126 0.997293	0.997294	1.00588	1.00567	1.04139	1.04138	
6.95174 0.996889	0.996887	1.00637	1.00616	1.04286	1.04287	
6.97221 0.99802	0.998018	1.00852	1.00832	1.04103	1.04107	
6.99269 0.998013	0.99801	1.0086	1.00841	1.04006	1.04012	
7.01317 0.998593	0.998589	1.01061	1.01042	1.04059	1.04067	
7.03364 0.998446	0.998442	1.01052	1.01033	1.03852	1.03862	
7.05412 0.99891	0.998905	1.01221	1.01203	1.0368	1.03693	
7.07459 0.998741	0.998735	1.01294	1.01277	1.03602	1.03617	
7.09507 0.998831	0.998825	1.01445	1.01428	1.03517	1.03533	
7.11555 0.998609	0.998602	1.0151	1.01495	1.03313	1.03332	
7.13602 0.999846	0.999838	1.01533	1.01518	1.03173	1.03194	
7.1565 1.00025	1.00024	1.01672	1.01658	1.03104	1.03126	
7.17698 1.00028	1.00027	1.01683	1.01671	1.0286	1.02884	
7.19745 1.00014	1.00013	1.01877	1.01865	1.02761	1.02787	
7.21793 1.00053	1.00053	1.01906	1.01896	1.02646	1.02673	
7.23841 1.00107	1.00106	1.0191	1.01901	1.02292	1.0232	
7.25888 1.00189	1.00188	1.01979	1.01971	1.02139	1.02169	
7.27936 1.00143	1.00143	1.0206	1.02053	1.01971	1.02002	
7.29983 1.00155	1.00155	1.01989	1.01984	1.0193	1.01962	
7.32031 1.00215	1.00215	1.02114	1.0211	1.01799	1.01832	
7.34079 1.00216	1.00216	1.02099	1.02096	1.01536	1.0157	
7.36126 1.00218	1.00218	1.02176	1.02174	1.01432	1.01467	
7.38174 1.00354	1.00354	1.02158	1.02158	1.01254	1.0129	
7.40222 1.00323	1.00323	1.0216	1.02162	1.01053	1.01089	
7.42269 1.00299	1.003	1.02158	1.0216	1.00959	1.00996	
7.44317 1.00343	1.00344	1.02163	1.02167	1.00856	1.00893	
7.46365 1.00438	1.00439	1.02202	1.02208	1.00601	1.00639	
7.48412 1.00457	1.00458	1.02166	1.02173	1.00271	1.00309	
7.5046 1.00418	1.0042	1.02112	1.0212	1.00431	1.00469	
7.52507 1.00373	1.00375	1.02168	1.02178	1.00226	1.00264	
7.54555 1.00443	1.00445	1.02049	1.02061	0.998516	0.998897	
7.56603 1.00467	1.0047	1.01973	1.01986	0.999098	0.999478	
7.5865 1.00482	1.00485	1.02071	1.02085	0.997544	0.997923	
7.60698 1.00527	1.00531	1.01957	1.01972	0.997932	0.998309	
7.62746 1.00552	1.00556	1.01856	1.01873	0.994827	0.995201	
7.64793 1.00524	1.00528	1.01881	1.01899	0.995307	0.995678	
7.66841 1.00585	1.00589	1.01818	1.01838	0.993549	0.993915	
7.68889 1.00577	1.00582	1.01677	1.01697	0.992389	0.992749	
7.70936 1.00637	1.00643	1.01678	1.01699	0.991907	0.992262	
7.72984 1.00552	1.00558	1.01616	1.01639	0.99127	0.991619	
7.75032 1.00574	1.0058	1.01422	1.01445	0.98974	0.990081	
7.77079 1.00633	1.00639	1.01385	1.01409	0.988939	0.989273	
7.79127 1.00652	1.00659	1.01319	1.01345	0.987756	0.988081	
7.81174 1.00623	1.0063	1.01244	1.0127	0.988753	0.989071	
7.83222 1.00673	1.00681	1.0113	1.01157	0.988188	0.988498	
7.8527 1.00718	1.00726	1.01045	1.01073	0.987264	0.987565	
7.87317 1.00703	1.00712	1.00992	1.0102	0.987692	0.987985	
7.89365 1.00625	1.00634	1.00912	1.00941	0.986625	0.986908	
7.91413 1.00676	1.00685	1.00818	1.00847	0.98665	0.986923	
7.9346 1.00678	1.00689	1.00669	1.00699	0.984858	0.98512	
7.95508 1.00661	1.00672	1.00671	1.00702	0.986479	0.986732	
7.97556 1.00644	1.00655	1.00572	1.00603	0.985198	0.985441	
7.99603 1.00597	1.00609	1.00438	1.0047	0.986557	0.98679	
8.01651 1.00649	1.00661	1.00374	1.00406	0.986563	0.986786	
8.03698 1.00649	1.00661	1.00251	1.00283	0.985053	0.985265	
8.05746 1.00623	1.00636	1.0018	1.00212	0.987077	0.98728	
8.07794 1.00686	1.007	1.00112	1.00144	0.985891	0.986083	
8.09841 1.00652	1.00666	0.999674	0.999996	0.987679	0.987863	
8.11889 1.00596	1.00611	0.9994	0.999722	0.987457	0.987631	
8.13937 1.00625	1.00641	0.998602	0.998922	0.988169	0.988334	
8.15984 1.00598	1.00614	0.997827	0.998146	0.988676	0.988832	
8.18032 1.00544	1.0056	0.997418	0.997735	0.987562	0.987709	
8.2008 1.00547	1.00563	0.996421	0.996735	0.989293	0.989432	
8.22127 1.00607	1.00624	0.995746	0.996056	0.989031	0.989161	
8.24175 1.0043	1.00448	0.994872	0.995179	0.990168	0.990291	
8.26223 1.00509	1.00527	0.993931	0.994233	0.991045	0.991161	
8.2827 1.00493	1.00511	0.993467	0.993763	0.990305	0.990413	
8.30318 1.00446	1.00465	0.992584	0.992874	0.989648	0.989748	
8.32365 1.00415	1.00434	0.992295	0.992579	0.992198	0.992292	
8.34413 1.00392	1.00411	0.992673	0.992952	0.990106	0.990192	
8.36461 1.00299	1.00318	0.992062	0.992334	0.992401	0.992481	
8.38508 1.00307	1.00327	0.991785	0.992051	0.992984	0.993058	
8.40556 1.00243	1.00263	0.990994	0.991253	0.992765	0.992833	
8.42604 1.00258	1.00279	0.991005	0.991256	0.993518	0.993581	
8.44651 1.00197	1.00217	0.990991	0.991235	0.995195	0.995254	
8.46699 1.00151	1.00172	0.989948	0.990183	0.994836	0.994891	
8.48747 1.00117	1.00138	0.989732	0.989959	0.995162	0.995212	
8.50794 1.00102	1.00123	0.98943	0.989648	0.995939	0.995986	
8.52842 1.00088	1.00109	0.989293	0.989502	0.996998	0.997043	
8.54889 1.00003	1.00024	0.989512	0.989712	0.99594	0.995981	
8.56937 0.999554	0.999763	0.989405	0.989596	0.996382	0.99642	
8.58985 0.999939	1.00015	0.989508	0.98969	0.998203	0.99824	
8.61032 1.00006	1.00027	0.989423	0.989596	0.997565	0.997599	
8.6308 0.999009	0.999218	0.989069	0.989232	0.998603	0.998636	
8.65128 0.999042	0.99925	0.989469	0.989623	0.999271	0.999304	
8.67175 0.99852	0.998727	0.989454	0.989599	0.999914	0.999947	
8.69223 0.997785	0.99799	0.990032	0.990169	0.999984	1.00002	
8.71271 0.997667	0.99787	0.990053	0.990181	0.999489	0.999521	
8.73318 0.996861	0.997061	0.989923	0.990041	1.00012	1.00015	
8.75366 0.997323	0.997521	0.990838	0.990948	0.999616	0.999648	
8.77414 0.996079	0.996273	0.990608	0.99071	1.00119	1.00122	
8.79461 0.996655	0.996847	0.990786	0.99088	1.00052	1.00055	
8.81509 0.996529	0.996718	0.990724	0.990809	1.00127	1.0013	
8.83556 0.995763	0.995948	0.991433	0.99151	1.00103	1.00106	
8.85604 0.99569	0.99587	0.99107	0.991139	1.00248	1.00252	
8.87652 0.995522	0.995699	0.992398	0.99246	1.00198	1.00202	
8.89699 0.995677	0.99585	0.992281	0.992336	1.00188	1.00192	
8.91747 0.995566	0.995734	0.99249	0.992538	1.00131	1.00136	
8.93795 0.995606	0.99577	0.993101	0.993142	1.00068	1.00073	
8.95842 0.995184	0.995344	0.993513	0.993548	1.0018	1.00184	
8.9789 0.994802	0.994957	0.993561	0.99359	1.00189	1.00194	
8.99938 0.994736	0.994886	0.993852	0.993874	1.00174	1.00179	
9.01985 0.99472	0.994865	0.994391	0.994409	1.003	1.00305	
9.04033 0.994498	0.994638	0.994445	0.994456	1.00099	1.00104	
9.0608 0.99472	0.994854	0.994961	0.994967	1.00294	1.003	
9.08128 0.994854	0.994984	0.995507	0.99551	1.00132	1.00137	
9.10176 0.994546	0.99467	0.995582	0.99558	1.00115	1.00121	
9.12223 0.994381	0.9945	0.996966	0.996961	1.00097	1.00103	
9.14271 0.994381	0.994494	0.996256	0.996247	1.00127	1.00133	
9.16319 0.994133	0.99424	0.996825	0.996813	1.00131	1.00137	
9.18366 0.994334	0.994435	0.997126	0.99711	1.00122	1.00129	
9.20414 0.993739	0.993834	0.997492	0.997474	1.00085	1.00092	
9.22462 0.994438	0.994528	0.997743	0.997723	1.00136	1.00143	
9.24509 0.994535	0.994618	0.998013	0.997991	1.00083	1.0009	
9.26557 0.994811	0.994889	0.998195	0.998171	1.00099	1.00106	
9.28604 0.994712	0.994785	0.998868	0.998842	1.0005	1.00057	
9.30652 0.995163	0.995231	0.998613	0.998586	0.999682	0.999751	
9.327 0.995006	0.995069	0.999483	0.999455	0.99968	0.999749	
9.34747 0.995485	0.995543	0.99997	0.999942	1.00116	1.00123	
9.36795 0.995019	0.995072	1.00009	1.00006	1.00019	1.00026	
9.38843 0.995888	0.995936	1.00018	1.00016	1.00025	1.00032	
9.4089 0.996131	0.996175	1.00104	1.00101	0.99897	0.99904	
9.42938 0.99588	0.995919	1.00114	1.00112	0.999994	1.00006	
9.44986 0.996087	0.996122	1.0014	1.00138	1.00011	1.00018	
9.47033 0.996143	0.996174	1.00119	1.00117	0.999368	0.999437	
9.49081 0.9964	0.996427	1.00182	1.0018	0.999016	0.999084	
9.51129 0.996557	0.99658	1.00186	1.00184	0.999122	0.999189	
9.53176 0.996671	0.99669	1.00207	1.00206	0.999253	0.99932	
9.55224 0.997028	0.997044	1.00229	1.00228	0.999284	0.99935	
9.57271 0.996605	0.996618	1.002	1.00199	0.998642	0.998706	
9.59319 0.997335	0.997344	1.00205	1.00204	0.998225	0.998287	
9.61367 0.997343	0.997349	1.0023	1.00229	0.998831	0.998893	
9.63414 0.997962	0.997966	1.00243	1.00243	0.999519	0.99958	
9.65462 0.998529	0.998531	1.0025	1.0025	0.998496	0.998555	
9.6751 0.998778	0.998778	1.00235	1.00235	0.998947	0.999005	
9.69557 0.998791	0.998791	1.00314	1.00315	0.997964	0.998019	
9.71605 0.998906	0.998904	1.003	1.00301	0.998557	0.998611	
9.73653 0.998631	0.998628	1.00265	1.00266	0.998352	0.998404	
9.757 0.998931	0.998926	1.00275	1.00276	0.998462	0.998512	
9.77748 0.999391	0.999386	1.00317	1.00319	0.997958	0.998006	
9.79795 1.00002	1.00001	1.00301	1.00303	0.997202	0.997246	
9.81843 1.0002	1.0002	1.00308	1.0031	0.997986	0.998028	
9.83891 0.999601	0.999595	1.00295	1.00298	0.998758	0.998799	
9.85938 1.00026	1.00025	1.00317	1.00321	0.998181	0.998219	
9.87986 1.00078	1.00078	1.00306	1.0031	0.997509	0.997545	
9.90034 0.999835	0.99983	1.00229	1.00233	0.997439	0.997472	
9.92081 1.00062	1.00061	1.00274	1.00278	0.997754	0.997784	
9.94129 1.00058	1.00058	1.00304	1.00309	0.997522	0.997548	
9.96177 1.00081	1.00081	1.00188	1.00193	0.997635	0.997658	
9.98224 1.00048	1.00048	1.00262	1.00267	0.99857	0.998591	
10.0027 1.0013	1.0013	1.00244	1.0025	0.997378	0.997396	
10.0232 1.00103	1.00103	1.00188	1.00194	0.99779	0.997806	
10.0437 1.00155	1.00155	1.00189	1.00196	0.998731	0.998745	
10.0641 1.00157	1.00157	1.00212	1.00219	0.998865	0.998878	
10.0846 1.00168	1.00169	1.00214	1.00221	0.998981	0.998993	
10.1051 1.00151	1.00152	1.00214	1.00221	0.999728	0.999738	
10.1256 1.00175	1.00176	1.00148	1.00156	0.998847	0.998857	
10.1461 1.00176	1.00178	1.00163	1.0017	0.99959	0.999599	
10.1665 1.00148	1.0015	1.00123	1.00131	0.999745	0.999753	
10.187 1.00177	1.00178	1.00143	1.00151	0.999846	0.999854	
10.2075 1.00196	1.00198	1.0012	1.00128	0.999714	0.999721	
10.228 1.00224	1.00227	1.00108	1.00116	1.0009	1.00091	
10.2484 1.00217	1.0022	1.00145	1.00153	1.00029	1.0003	
10.2689 1.0023	1.00233	1.00095	1.00104	0.999263	0.999271	
10.2894 1.00241	1.00244	1.00163	1.00172	1.00105	1.00106	
10.3099 1.00256	1.0026	1.0007	1.00079	0.999951	0.999961	
10.3303 1.00204	1.00208	1.00092	1.00101	1.00026	1.00027	
10.3508 1.00248	1.00253	1.00047	1.00056	1.00066	1.00067	
10.3713 1.00238	1.00243	1.00031	1.00041	0.999848	0.999859	
10.3918 1.00209	1.00214	1.00034	1.00043	1.00136	1.00138	
10.4122 1.00204	1.00209	1.00027	1.00036	1.00123	1.00125	
10.4327 1.00195	1.00201	1.00045	1.00055	1.00057	1.00058	
10.4532 1.00211	1.00216	1.00002	1.00012	1.00105	1.00106	
10.4737 1.00208	1.00214	1.00039	1.00049	1.00172	1.00174	
10.4942 1.00222	1.00229	1.00032	1.00042	1.00179	1.00181	
10.5146 1.00199	1.00206	0.999496	0.999592	1.00244	1.00247	
10.5351 1.00214	1.00221	1.00011	1.0002	1.00116	1.00119	
10.5556 1.00221	1.00229	0.999713	0.999809	1.00172	1.00175	
10.5761 1.00173	1.00181	0.999479	0.999574	1.00216	1.00219	
10.5965 1.00183	1.00191	0.999844	0.99994	1.00134	1.00138	
10.617 1.00192	1.002	0.99941	0.999505	1.00146	1.00149	
10.6375 1.00177	1.00186	0.99936	0.999453	1.00168	1.00173	
10.658 1.00172	1.00181	0.999703	0.999796	1.00223	1.00227	
10.6784 1.00157	1.00166	0.999381	0.999474	1.00224	1.00229	
10.6989 1.00177	1.00187	0.999366	0.999458	1.0013	1.00135	
10.7194 1.00168	1.00178	0.999578	0.999669	1.00339	1.00344	
10.7399 1.00169	1.00179	0.999372	0.999463	1.00259	1.00265	
10.7603 1.00127	1.00137	0.99958	0.99967	1.00193	1.002	
10.7808 1.00103	1.00113	0.999496	0.999586	1.00224	1.00231	
10.8013 1.00087	1.00098	0.999563	0.999652	1.00193	1.002	
10.8218 1.00126	1.00137	0.999633	0.999721	1.00269	1.00276	
10.8423 1.00107	1.00118	0.999737	0.999825	1.00266	1.00273	
10.8627 1.00087	1.00098	0.999766	0.999853	1.00217	1.00225	
10.8832 1.0007	1.00081	0.999781	0.999869	1.00273	1.00282	
10.9037 1.00067	1.00079	0.999544	0.999631	1.00298	1.00307	
10.9242 1.0008	1.00092	0.998913	0.998998	1.00304	1.00313	
10.9446 1.00025	1.00037	0.999744	0.999829	1.00255	1.00265	
10.9651 1.00072	1.00084	0.999775	0.99986	1.00286	1.00297	
10.9856 1.00027	1.00039	0.999716	0.999801	1.00201	1.00212	
11.0061 1.00017	1.00029	1.00005	1.00013	1.00249	1.0026	
11.0265 1.0002	1.00032	0.999784	0.999868	1.00295	1.00307	
11.047 1.00003	1.00015	0.99998	1.00006	1.00282	1.00294	
11.0675 1.00003	1.00015	0.99982	0.999905	1.00263	1.00276	
11.088 0.999963	1.00008	1.00014	1.00022	1.00209	1.00222	
11.1084 0.999788	0.999908	0.999547	0.999631	1.00243	1.00257	
11.1289 0.999544	0.999663	1.00002	1.00011	1.00204	1.00218	
11.1494 0.999524	0.999643	0.999902	0.999986	1.00166	1.0018	
11.1699 0.999282	0.9994	1.00005	1.00014	1.00185	1.00199	
11.1903 0.999813	0.99993	1	1.00009	1.00182	1.00197	
11.2108 0.999792	0.999909	1.00007	1.00016	1.00143	1.00158	
11.2313 0.999573	0.99969	1.00029	1.00038	1.0016	1.00176	
11.2518 0.999796	0.999912	1.00017	1.00026	1.00132	1.00148	
11.2723 0.999558	0.999674	1.00015	1.00023	1.00028	1.00044	
11.2927 0.999534	0.999649	0.999976	1.00006	1.00127	1.00143	
11.3132 0.999589	0.999704	1.00039	1.00048	1.00118	1.00135	
11.3337 0.999362	0.999476	1.00049	1.00058	1.0004	1.00056	
11.3542 0.999589	0.999703	1.00047	1.00056	1.00037	1.00054	
11.3746 0.999694	0.999807	1.00044	1.00053	1.00129	1.00146	
11.3951 0.999574	0.999686	1.00009	1.00018	1.00027	1.00044	
11.4156 0.999511	0.999622	1.00045	1.00054	1.00128	1.00145	
11.4361 0.999524	0.999635	1.00073	1.00082	1.00058	1.00075	
11.4565 0.998757	0.998866	1.00087	1.00097	1.00037	1.00054	
11.477 0.999619	0.999728	1.0004	1.0005	1.00087	1.00104	
11.4975 0.99907	0.999176	1.00066	1.00076	1.00056	1.00074	
11.518 0.999237	0.999342	1.00044	1.00053	1.00017	1.00035	
11.5384 0.999463	0.999568	1.00047	1.00057	0.99988	1.00006	
11.5589 0.999514	0.999618	1.00055	1.00065	1.0001	1.00028	
11.5794 0.99922	0.999323	1.00053	1.00063	0.999304	0.999482	
11.5999 0.999115	0.999216	1.00026	1.00036	0.999593	0.99977	
11.6204 0.999297	0.999397	1.00021	1.00031	0.998697	0.998872	
11.6408 0.999381	0.99948	0.999869	0.999973	0.999119	0.999292	
11.6613 0.999189	0.999287	1.00063	1.00074	0.998507	0.998678	
11.6818 0.999595	0.999692	1.00072	1.00083	0.997569	0.997736	
11.7023 0.999188	0.999283	1.00054	1.00065	0.998858	0.999022	
11.7227 0.999224	0.999318	1.00011	1.00022	0.998414	0.998576	
11.7432 0.999067	0.999159	1.00038	1.00049	0.999084	0.999244	
11.7637 0.999425	0.999516	1.00013	1.00024	0.998185	0.998341	
11.7842 1.00002	1.00011	1.00063	1.00074	0.998633	0.998787	
11.8046 0.999227	0.999318	1.00062	1.00073	0.998096	0.998246	
11.8251 0.999611	0.999701	1.00063	1.00074	0.998007	0.998154	
11.8456 0.999641	0.999731	0.999976	1.00009	0.998039	0.998182	
11.8661 0.999173	0.99926	1.00039	1.0005	0.998401	0.998542	
11.8865 0.999747	0.999835	1.00026	1.00037	0.998329	0.998466	
11.907 0.999783	0.99987	0.999784	0.9999	0.997584	0.997716	
11.9275 1.00025	1.00033	1.00003	1.00015	0.998647	0.998777	
11.948 0.999935	1.00002	1.00025	1.00036	0.997628	0.997752	
11.9685 0.999669	0.999756	1.00015	1.00027	0.998487	0.998608	
11.9889 0.999763	0.99985	1.00029	1.00041	0.998329	0.998447	
12.0094 1.00005	1.00014	0.99978	0.999898	0.998115	0.99823	
12.0299 0.999336	0.999422	1.0003	1.00041	0.999138	0.999251	
12.0504 0.999876	0.999962	0.999909	1.00003	0.998102	0.998211	
12.0708 0.999389	0.999474	1.00032	1.00044	0.998075	0.99818	
12.0913 1.00027	1.00035	0.999642	0.999762	0.998622	0.998724	
12.1118 0.999789	0.999875	1.00009	1.00021	0.997967	0.998065	
12.1323 0.999914	1	0.999751	0.999871	0.998348	0.998442	
12.1527 0.999543	0.999627	1.00001	1.00013	0.998134	0.998225	
12.1732 0.999695	0.999779	0.999869	0.999989	0.997662	0.997747	
12.1937 1.00004	1.00012	0.999368	0.999487	0.998153	0.998234	
12.2142 0.999679	0.999763	0.99947	0.999588	0.998792	0.998871	
12.2346 0.99986	0.999943	0.999473	0.999591	0.998458	0.998533	
12.2551 1.00013	1.00021	0.999454	0.99957	0.998345	0.998416	
12.2756 0.999822	0.999906	0.99907	0.999184	0.998709	0.998777	
12.2961 1.00017	1.00026	0.999742	0.999857	0.998422	0.998487	
12.3166 1.00013	1.00021	0.99962	0.999733	0.999523	0.999587	
12.337 0.999964	1.00005	0.999371	0.999483	0.99893	0.998991	
12.3575 0.999877	0.999962	0.999232	0.999343	0.998759	0.998818	
12.378 0.999837	0.999921	0.999205	0.999314	0.99847	0.998525	
12.3985 1.00001	1.0001	0.999021	0.999127	0.998474	0.998526	
12.4189 1.00034	1.00043	0.999381	0.999487	0.998332	0.998379	
12.4394 0.999741	0.999826	0.99909	0.999194	0.99919	0.999236	
12.4599 1.00001	1.0001	0.999293	0.999395	0.99911	0.999154	
12.4804 0.999737	0.999822	0.999043	0.999143	0.999765	0.999809	
12.5008 0.999774	0.999859	0.999347	0.999445	0.998627	0.998666	
12.5213 1.00002	1.0001	0.999522	0.999619	0.998882	0.998919	
12.5418 1.00042	1.00051	0.99875	0.998845	0.999076	0.999111	
12.5623 0.999957	1.00004	0.999309	0.999402	0.998922	0.998955	
12.5827 0.999898	0.999985	0.999107	0.999198	0.999328	0.999359	
12.6032 0.999948	1.00004	0.999263	0.999352	0.999924	0.999954	
12.6237 0.999879	0.999965	0.999317	0.999405	0.999453	0.999482	
12.6442 0.999739	0.999825	0.999292	0.999379	1	1.00003	
12.6647 0.999889	0.999975	0.999231	0.999316	1.00018	1.00021	
12.6851 0.999837	0.999923	0.999152	0.999235	0.999624	0.999653	
12.7056 1.00017	1.00026	0.998796	0.998876	1.00028	1.00031	
12.7261 0.99986	0.999946	0.999338	0.999416	0.999428	0.999456	
12.7466 1.00012	1.00021	0.999296	0.999372	1.00028	1.00031	
12.767 1.00054	1.00063	0.999434	0.999509	1.00014	1.00017	
12.7875 1.00016	1.00025	0.999494	0.999568	0.999966	0.999996	
12.808 0.999849	0.999938	0.999431	0.999504	0.999824	0.999854	
12.8285 0.999863	0.999952	0.999151	0.999222	0.999982	1.00001	
12.8489 0.999975	1.00006	0.999031	0.999099	1.00005	1.00008	
12.8694 0.999946	1.00003	0.999318	0.999384	1.00054	1.00057	
12.8899 0.999606	0.999694	0.999189	0.999253	1.00042	1.00045	
12.9104 1.00007	1.00016	0.9992	0.999262	1	1.00004	
12.9308 0.999896	0.999985	0.999224	0.999284	1.00032	1.00035	
12.9513 1.00009	1.00018	0.999406	0.999465	0.999439	0.999471	
12.9718 0.999689	0.999777	0.999537	0.999595	0.999736	0.999767	
12.9923 0.999596	0.999684	0.999341	0.999396	1.00089	1.00092	
13.0127 0.999509	0.999595	0.999034	0.999087	1.00003	1.00007	
13.0332 0.999683	0.999769	0.999279	0.99933	1.00042	1.00045	
13.0537 0.999467	0.999552	0.999856	0.999907	0.99987	0.999905	
13.0742 0.999309	0.999391	0.999485	0.999534	1.00049	1.00052	
13.0947 0.999356	0.999437	0.99968	0.999729	0.999978	1.00001	
13.1151 0.999841	0.999922	0.999595	0.999642	1.00037	1.00041	
13.1356 0.999557	0.999637	0.999659	0.999705	1.00118	1.00122	
13.1561 0.999784	0.999863	0.999492	0.999537	1.00125	1.0013	
13.1766 1.00002	1.0001	0.999437	0.99948	1.00076	1.0008	
13.197 0.999861	0.999941	1.00007	1.00011	0.999975	1.00002	
13.2175 0.999626	0.999705	1.00013	1.00017	1.00002	1.00007	
13.238 0.99967	0.999748	0.999743	0.999787	1	1.00005	
13.2585 0.999877	0.999954	0.999613	0.999656	1.00101	1.00107	
13.2789 0.999696	0.999773	0.999945	0.999988	1.00112	1.00117	
13.2994 0.999513	0.999588	0.999546	0.999587	1.00051	1.00057	
13.3199 0.999816	0.999892	1.00004	1.00008	1.00072	1.00078	
13.3404 0.999647	0.999722	1.00015	1.00019	1.00104	1.0011	
13.3608 0.999572	0.999645	1.00027	1.00031	1.00109	1.00116	
13.3813 0.999603	0.999675	0.999941	0.999984	1.00019	1.00026	
13.4018 0.999348	0.999418	0.99991	0.999953	1.00059	1.00066	
13.4223 0.999567	0.999636	1.00018	1.00023	1.00083	1.0009	
13.4428 0.999625	0.999693	1.00004	1.00008	1.00019	1.00026	
13.4632 0.999923	0.999992	1.00009	1.00013	1.00054	1.00061	
13.4837 0.999824	0.999892	1.00011	1.00015	1.00083	1.00091	
13.5042 0.999518	0.999584	1.00017	1.00022	1.00087	1.00095	
13.5247 1.00009	1.00015	0.99979	0.999835	1.00039	1.00047	
13.5451 1.00027	1.00034	1.00035	1.0004	0.999909	0.999992	
13.5656 0.999954	1.00002	1.00058	1.00063	1.00063	1.00071	
13.5861 0.999839	0.999907	1.00048	1.00053	1.00011	1.0002	
13.6066 0.999602	0.999669	1.00036	1.00042	1.00027	1.00036	
13.627 1.00005	1.00012	1.00029	1.00034	1.00039	1.00048	
13.6475 0.999903	0.99997	1.00022	1.00028	1.0007	1.00079	
13.668 0.999702	0.999768	1.00014	1.0002	1.00007	1.00016	
13.6885 0.999796	0.999861	1.0005	1.00056	1.00003	1.00012	
13.7089 0.999644	0.999708	1.00011	1.00017	1.00033	1.00043	
13.7294 0.999537	0.9996	1.00019	1.00025	1.00028	1.00038	
13.7499 1.00013	1.00019	1.00031	1.00037	1.0002	1.0003	
13.7704 1.00013	1.0002	1.00044	1.0005	1.00013	1.00023	
13.7909 0.999884	0.999948	0.999969	1.00003	0.999781	0.999879	
13.8113 0.999581	0.999644	1.0004	1.00046	0.999438	0.999534	
13.8318 0.999837	0.9999	1.00031	1.00037	0.999912	1.00001	
13.8523 1.00005	1.00011	1.00021	1.00027	1.0001	1.00019	
13.8728 0.999747	0.99981	1.00034	1.00041	0.999942	1.00004	
13.8932 0.999964	1.00003	1.00054	1.00061	0.999824	0.99992	
13.9137 1.00022	1.00029	1.00016	1.00023	0.999809	0.999905	
13.9342 0.999838	0.999901	1.00033	1.0004	0.999923	1.00002	
13.9547 0.999702	0.999764	1.00042	1.0005	1.00032	1.00042	
13.9751 1.0002	1.00026	1.00054	1.00062	0.999877	0.999974	
13.9956 0.99992	0.999984	1.00071	1.00079	1.00011	1.00021	
14.0161 1.00019	1.00026	1.00053	1.00061	0.999497	0.999594	
14.0366 0.999958	1.00002	1.00032	1.0004	0.999993	1.00009	
14.057 1.00039	1.00046	1.00022	1.0003	1.00052	1.00062	
14.0775 1.00014	1.00021	1.00029	1.00037	0.999095	0.999192	
14.098 0.999918	0.999985	1.00037	1.00045	0.999977	1.00007	
14.1185 1.00008	1.00015	1.00019	1.00028	0.999779	0.999875	
14.139 1.00012	1.00019	1.00033	1.00042	1.00047	1.00057	
14.1594 1.00006	1.00013	1.00014	1.00024	0.999525	0.999623	
14.1799 1.00004	1.00011	1.00057	1.00066	1.00047	1.00057	
14.2004 1.0001	1.00017	1.00004	1.00014	0.999307	0.999404	
14.2209 1.00035	1.00042	1.00038	1.00048	0.999899	0.999996	
14.2413 1.00003	1.0001	1.00029	1.00039	0.999603	0.999699	
14.2618 1.00005	1.00012	1.00013	1.00023	0.999616	0.999711	
14.2823 0.999814	0.999886	0.999985	1.00009	0.99958	0.999674	
14.3028 1.00032	1.00039	1.0001	1.00021	0.999754	0.999847	
14.3232 1.00015	1.00022	1.00031	1.00041	0.999438	0.999529	
14.3437 1.00011	1.00019	0.999977	1.00008	1.00006	1.00015	
14.3642 1.00028	1.00035	1.00028	1.00039	0.999858	0.999949	
14.3847 1.00012	1.0002	0.999884	0.999989	0.999805	0.999895	
14.4051 1.00015	1.00023	0.999971	1.00008	0.999886	0.999976	
14.4256 1.00016	1.00024	1.00013	1.00024	1.00005	1.00015	
14.4461 1.00043	1.00051	1.0001	1.00021	0.999579	0.999668	
14.4666 1.00022	1.00031	1.00014	1.00025	1.00002	1.00011	
14.487 0.999925	1.00001	1	1.00011	0.999895	0.999985	
14.5075 1.00027	1.00035	1.00002	1.00013	1.00014	1.00023	
14.528 0.999984	1.00007	0.999898	1.00001	0.999901	0.999992	
14.5485 1.00012	1.0002	0.999873	0.999983	0.999214	0.999302	
14.569 1.0001	1.00019	1.00023	1.00034	0.999479	0.999564	
14.5894 0.999955	1.00004	0.999935	1.00005	0.999937	1.00002	
14.6099 1.00019	1.00028	0.999773	0.999884	1.0001	1.00019	
14.6304 1.00024	1.00033	0.999825	0.999936	0.999753	0.999838	
14.6509 0.999855	0.999946	0.999794	0.999904	0.999999	1.00009	
14.6713 0.999677	0.999766	1.0001	1.00021	1.00061	1.0007	
14.6918 0.999793	0.999882	0.999743	0.999853	1.00028	1.00038	
14.7123 1.00034	1.00043	0.999866	0.999976	0.999608	0.999698	
14.7328 1.00034	1.00044	0.999866	0.999977	1.00037	1.00047	
14.7532 1.0004	1.0005	0.999966	1.00008	1.00035	1.00044	
14.7737 0.999744	0.999839	0.999962	1.00007	1.00007	1.00017	
14.7942 0.999916	1.00001	0.999593	0.999702	0.999219	0.999311	
14.8147 1.00039	1.00049	0.999566	0.999674	0.999761	0.999852	
14.8351 0.999661	0.999758	0.999684	0.999791	1.00072	1.00081	
14.8556 1.00021	1.00031	0.999814	0.99992	1.00031	1.00041	
14.8761 0.999984	1.00008	0.999553	0.999658	0.99982	0.999917	
14.8966 0.99993	1.00003	1.00007	1.00017	0.999856	0.999952	
14.9171 0.999939	1.00004	1.0002	1.0003	0.999944	1.00004	
14.9375 1.00036	1.00046	0.999494	0.999599	1.00025	1.00035	
14.958 0.999699	0.999799	1.00007	1.00018	0.999242	0.999337	
14.9785 0.999783	0.999883	0.999652	0.999757	0.99951	0.999603	
14.999 1.00003	1.00013	0.99943	0.999532	0.999974	1.00007	
15.0194 1.00023	1.00033	0.999627	0.999728	1.00059	1.00069	
15.0399 1.00027	1.00038	0.999966	1.00007	0.999437	0.999531	
15.0604 0.999858	0.999962	0.999655	0.999755	1.00038	1.00047	
15.0809 0.999981	1.00008	1	1.0001	0.999576	0.999671	
15.1013 1.00004	1.00015	0.99992	1.00002	1.00001	1.0001	
15.1218 1.00015	1.00025	0.999544	0.999643	1.00032	1.00042	
15.1423 0.999623	0.999727	0.999406	0.999502	0.999723	0.999819	
15.1628 1.00002	1.00013	0.999501	0.999595	1.00057	1.00067	
15.1832 0.999992	1.0001	0.999847	0.999941	1.00045	1.00056	
15.2037 0.999517	0.99962	0.999568	0.99966	0.999452	0.999553	
15.2242 0.999954	1.00006	0.999629	0.99972	1.00005	1.00015	
15.2447 0.999644	0.999746	1.00001	1.0001	0.999413	0.999512	
15.2652 0.999735	0.999837	0.999989	1.00008	1.00041	1.00051	
15.2856 1.00006	1.00016	0.999757	0.999848	0.999735	0.999836	
15.3061 0.999866	0.999969	0.999702	0.999792	0.999888	0.999989	
15.3266 0.999825	0.999927	0.999829	0.999919	1.00009	1.00019	
15.3471 0.999755	0.999856	0.999718	0.999806	0.999687	0.999788	
15.3675 0.999716	0.999817	0.99992	1.00001	0.999461	0.999559	
15.388 1.00022	1.00032	0.999643	0.99973	1.00015	1.00025	
15.4085 0.999764	0.999866	1.00003	1.00011	1.00003	1.00013	
15.429 0.999829	0.99993	1.00014	1.00023	0.999921	1.00002	
15.4494 1.00004	1.00014	0.99991	0.999999	0.999124	0.99922	
15.4699 0.999437	0.999536	0.999904	0.999993	0.999943	1.00004	
15.4904 0.999959	1.00006	0.999582	0.999669	0.999546	0.999641	
15.5109 0.999877	0.999976	0.999499	0.999583	0.999572	0.999665	
15.5313 0.999827	0.999926	0.999738	0.999821	0.999916	1.00001	
15.5518 0.999911	1.00001	0.999397	0.999477	0.999908	1	
15.5723 1	1.0001	0.999746	0.999826	0.999752	0.999844	
15.5928 0.999597	0.999695	1.00002	1.0001	1	1.00009	
15.6133 0.999801	0.999898	0.999785	0.999864	0.999716	0.999808	
15.6337 0.99954	0.999635	0.999637	0.999715	1.00016	1.00026	
15.6542 0.999356	0.999448	0.999672	0.999749	0.999934	1.00003	
15.6747 1.00021	1.00031	0.999962	1.00004	0.999413	0.999503	
15.6952 0.999426	0.999517	0.999976	1.00005	0.999759	0.999849	
15.7156 0.99981	0.9999	0.999855	0.999932	0.999766	0.999854	
15.7361 0.999703	0.999792	1.00005	1.00012	1.00001	1.0001	
15.7566 0.999809	0.999898	0.999258	0.999332	0.999554	0.999641	
15.7771 1.00015	1.00024	1.00007	1.00014	0.99972	0.999805	
15.7975 1.00011	1.0002	0.999895	0.999969	0.999262	0.999344	
15.818 0.999599	0.999689	0.999894	0.999968	0.999345	0.999424	
15.8385 0.999562	0.999649	1.00007	1.00014	0.999713	0.999791	
15.859 0.999762	0.999849	0.999862	0.999936	1.00006	1.00014	
15.8794 0.999822	0.999908	1.00009	1.00016	1.00014	1.00022	
15.8999 0.999376	0.999459	1.00012	1.0002	0.999639	0.999717	
15.9204 0.999764	0.999846	1.00029	1.00037	0.999436	0.999511	
15.9409 0.999735	0.999816	1.00001	1.00009	1.00004	1.00011	
15.9613 0.999874	0.999954	0.999704	0.999782	1.00124	1.00133	
15.9818 1.00011	1.00019	1.00003	1.00011	0.999739	0.999822	
16.0023 1.00005	1.00013	0.999784	0.999862	1.00013	1.00021	
16.0228 0.999373	0.999452	0.999671	0.999748	1.00008	1.00017	
16.0433 0.999824	0.999903	1.00007	1.00015	0.999973	1.00006	
16.0637 0.999839	0.999917	0.999751	0.999827	1.0003	1.00039	
16.0842 0.99992	0.999998	0.999929	1	0.999963	1.00005	
16.1047 0.999998	1.00008	1.00018	1.00025	0.999478	0.999563	
16.1252 0.999633	0.99971	0.999705	0.999781	0.99917	0.99925	
16.1456 0.99981	0.999886	0.999882	0.999958	0.999901	0.999981	
16.1661 1.0001	1.00018	1.00038	1.00046	0.999786	0.999865	
16.1866 0.99987	0.999947	0.999942	1.00002	1.00016	1.00024	
16.2071 0.999349	0.999422	0.999961	1.00004	0.999109	0.999185	
16.2275 1.00005	1.00013	0.999711	0.999789	0.99921	0.999281	
16.248 0.999767	0.99984	0.999871	0.999949	1.0008	1.00087	
16.2685 0.99985	0.999923	1.00015	1.00023	1.00028	1.00036	
16.289 0.999974	1.00005	1.00018	1.00026	0.999626	0.999703	
16.3094 0.99994	1.00001	0.999666	0.999745	0.999645	0.999721	
16.3299 1.00004	1.00012	1.00015	1.00023	0.999332	0.999404	
16.3504 0.999817	0.99989	0.99978	0.99986	0.999606	0.999676	
16.3709 0.999586	0.999657	0.99949	0.999567	0.999641	0.999709	
16.3914 0.999777	0.999846	0.999685	0.99976	0.999942	1.00001	
16.4118 0.999982	1.00005	0.999637	0.99971	0.999615	0.999681	
16.4323 0.999652	0.99972	0.999742	0.999815	1.00001	1.00007	
16.4528 1.00005	1.00012	0.999867	0.999939	1.00013	1.0002	
16.4733 1.00003	1.0001	0.999875	0.999947	0.999699	0.999765	
16.4937 0.999712	0.99978	0.999858	0.99993	0.999923	0.999989	
16.5142 0.99991	0.999978	0.999992	1.00006	0.99949	0.999553	
16.5347 0.999841	0.999909	0.999811	0.999882	1.00014	1.0002	
16.5552 0.999902	0.999969	1.00005	1.00012	1.00015	1.00021	
16.5756 0.99994	1.00001	0.999986	1.00006	0.999527	0.99959	
16.5961 0.999911	0.999978	1.00032	1.00039	1.00039	1.00046	
16.6166 0.999699	0.999765	0.999819	0.999893	1	1.00007	
16.6371 0.999935	1	0.999948	1.00002	0.999786	0.999852	
16.6575 1.00005	1.00011	0.999653	0.999725	0.999919	0.999984	
16.678 1.0001	1.00017	0.999505	0.999575	0.999545	0.999608	
16.6985 0.999978	1.00005	1.00009	1.00016	1.00006	1.00013	
16.719 0.999824	0.999891	1.0002	1.00027	1.00052	1.00059	
16.7395 1.00004	1.00011	0.999835	0.999906	1.00031	1.00038	
16.7599 1.00005	1.00012	1.00065	1.00073	1.00064	1.00072	
16.7804 1.0001	1.00017	0.999815	0.999891	0.999416	0.999488	
16.8009 0.999911	0.999981	0.999553	0.999627	0.999817	0.999887	
16.8214 1.00006	1.00014	1.00034	1.00041	0.999645	0.999714	
16.8418 0.999921	0.999991	0.999796	0.999871	1.00005	1.00012	
16.8623 1.00017	1.00024	0.999689	0.999763	1.00026	1.00033	
16.8828 0.99974	0.999811	0.999903	0.999976	1.00004	1.00012	
16.9033 1.00009	1.00016	0.999808	0.99988	1.00013	1.00021	
16.9237 1.00034	1.00041	0.999701	0.999772	0.999827	0.999901	
16.9442 0.999844	0.999918	1.00004	1.00011	0.999293	0.999362	
16.9647 0.999863	0.999937	0.999671	0.999741	1.00005	1.00012	
16.9852 1.00033	1.00041	0.999706	0.999774	0.999825	0.999894	
17.0056 1.00009	1.00017	1.00012	1.00019	1.00001	1.00008	
17.0261 0.99992	0.999998	1.00011	1.00018	0.999494	0.99956	
17.0466 1.0001	1.00018	1.00009	1.00016	0.99989	0.999957	
17.0671 0.999975	1.00006	1.00012	1.00019	0.999631	0.999695	
17.0876 1.00022	1.0003	0.999869	0.999942	0.999619	0.999681	
17.108 0.999517	0.999596	1.00029	1.00036	0.999853	0.999914	
17.1285 1.00028	1.00036	0.999904	0.99998	1.00039	1.00045	
17.149 0.999708	0.999788	1.00007	1.00015	1.00007	1.00013	
17.1695 0.999951	1.00003	0.99988	0.999956	0.999959	1.00002	
17.1899 0.999852	0.999932	0.999872	0.999948	0.998915	0.998973	
17.2104 1.00005	1.00013	1.00013	1.00021	1.00055	1.00061	
17.2309 0.999755	0.999835	1	1.00008	1.00045	1.00052	
17.2514 0.999977	1.00006	0.999635	0.999711	0.999958	1.00002	
17.2718 1.0001	1.00018	0.999578	0.999652	1.00008	1.00015	
17.2923 0.999731	0.999811	0.999884	0.999957	1.00045	1.00052	
17.3128 1.0001	1.00019	0.999985	1.00006	0.999677	0.999747	
17.3333 0.999808	0.999889	1.00031	1.00038	0.999699	0.999767	
17.3537 1.00014	1.00023	0.999881	0.999957	1.00062	1.00069	
17.3742 0.999978	1.00006	0.999843	0.999918	1.00086	1.00094	
17.3947 0.999985	1.00007	0.99993	1.00001	1.00082	1.00091	
17.4152 0.999957	1.00004	1.00014	1.00022	0.999646	0.999732	
17.4356 0.999997	1.00008	0.99981	0.999886	0.999986	1.00007	
17.4561 0.999623	0.999705	0.999925	1	1.00057	1.00066	
17.4766 0.999743	0.999824	1.0001	1.00018	0.999576	0.999665	
17.4971 0.999567	0.999645	1.00005	1.00013	0.999904	0.999993	
17.5176 0.999843	0.99992	0.999606	0.999682	1.0007	1.0008	
17.538 0.999607	0.999681	0.999557	0.999631	1.00016	1.00026	
17.5585 0.999941	1.00002	1.00025	1.00033	1.00014	1.00024	
17.579 1.00026	1.00034	0.999943	1.00002	0.999545	0.999641	
17.5995 0.999538	0.999612	0.999948	1.00002	1.00034	1.00044	
17.6199 0.99992	0.999995	1.0002	1.00028	0.999873	0.999973	
17.6404 1.00015	1.00022	1.00018	1.00026	0.999977	1.00008	
17.6609 0.999851	0.999927	1.00036	1.00045	1.00033	1.00044	
17.6814 1.00011	1.00018	1.00005	1.00013	0.999838	0.999942	
17.7018 0.999769	0.999844	0.999967	1.00005	1.00036	1.00047	
17.7223 1.00042	1.0005	1.0002	1.00029	1.0005	1.00061	
17.7428 0.999892	0.999972	1.00016	1.00025	0.999035	0.99914	
17.7633 1.00019	1.00027	0.999947	1.00004	0.999934	1.00004	
17.7837 0.999843	0.999924	0.999858	0.999948	1.0001	1.0002	
17.8042 1.00011	1.00019	1.0003	1.00039	0.999592	0.999697	
17.8247 1.00011	1.0002	0.999609	0.9997	0.999391	0.999492	
17.8452 0.999689	0.999772	0.999916	1.00001	1.00036	1.00047	
17.8657 1.00001	1.0001	0.999898	0.99999	1.0001	1.00021	
17.8861 0.999727	0.999808	1.00002	1.00012	0.999905	1.00001	
17.9066 0.99972	0.9998	1.00001	1.0001	0.999692	0.999797	
17.9271 0.999932	1.00001	0.999796	0.999888	0.999105	0.999202	
17.9476 0.999726	0.999804	1.0002	1.0003	0.999793	0.99989	
17.968 1.00008	1.00016	1.00009	1.00018	1.0001	1.0002	
17.9885 1.00012	1.00021	1.00016	1.00026	0.999079	0.99917	
18.009 1.00036	1.00045	0.999889	0.999988	0.999572	0.99966	
18.0295 0.999574	0.999657	1.00026	1.00037	0.999601	0.999686	
18.0499 0.999675	0.999755	0.999677	0.999777	1.00033	1.00042	
18.0704 1.00013	1.00021	0.999846	0.999946	1.00046	1.00055	
18.0909 1.00005	1.00013	0.999694	0.999791	0.999656	0.999748	
18.1114 1.00005	1.00014	0.999667	0.999763	0.999986	1.00008	
18.1318 1.00024	1.00033	1.00009	1.00018	1.00024	1.00033	
18.1523 1.00009	1.00018	0.99982	0.999917	1.00044	1.00054	
18.1728 0.999858	0.999947	0.999852	0.999948	0.999347	0.999443	
18.1933 1.00011	1.0002	1.00013	1.00022	1.00031	1.00041	
18.2138 0.999886	0.999977	0.99952	0.999615	0.999703	0.9998	
18.2342 1.00012	1.00021	1.00018	1.00027	1.00121	1.00133	
18.2547 1.00014	1.00024	0.999964	1.00006	1.00016	1.00027	
18.2752 0.999769	0.999863	0.999669	0.999764	0.999484	0.999593	
18.2957 0.999875	0.999969	1.00015	1.00025	0.999453	0.999558	
18.3161 1.00004	1.00014	1.00012	1.00022	0.999774	0.999878	
18.3366 1.00007	1.00016	0.999789	0.999888	0.999925	1.00003	
18.3571 0.999894	0.99999	1.00007	1.00017	0.999626	0.999727	
18.3776 0.999845	0.99994	0.999972	1.00007	0.999686	0.999785	
18.398 1.00035	1.00045	0.999975	1.00008	0.999586	0.999682	
18.4185 0.999792	0.999891	0.999661	0.99976	1.00013	1.00023	
18.439 0.999928	1.00003	0.999695	0.999792	0.99882	0.998907	
18.4595 1.00051	1.00061	1.00027	1.00037	1.00012	1.00021	
18.4799 0.999982	1.00009	1.00013	1.00024	1.00004	1.00013	
18.5004 0.999934	1.00004	0.999983	1.00009	0.999673	0.999761	
18.5209 1.00005	1.00016	0.999627	0.999729	0.999737	0.999823	
18.5414 1.00008	1.00019	0.999669	0.999768	0.999741	0.999825	
18.5619 0.999828	0.999938	0.999838	0.999936	1.00045	1.00053	
18.5823 1.00018	1.00029	1.00009	1.00019	0.99992	1.00001	
18.6028 1.00014	1.00026	1.00003	1.00013	0.999843	0.999932	
18.6233 0.999826	0.999941	0.999482	0.999579	1.00045	1.00055	
18.6438 0.99983	0.999944	0.999828	0.999925	1.00019	1.00028	
18.6642 1.00006	1.00018	1.00022	1.00032	0.999926	1.00002	
18.6847 1.00005	1.00017	0.999338	0.999432	0.999976	1.00008	
18.7052 0.999613	0.999728	0.999694	0.999786	0.999836	0.999935	
18.7257 0.999809	0.999923	0.999998	1.00009	0.999752	0.999848	
18.7461 0.999641	0.999752	0.999823	0.999915	0.999536	0.999628	
18.7666 1	1.00012	0.99947	0.999557	1.00067	1.00077	
18.7871 0.999325	0.999431	0.999821	0.999907	0.999926	1.00003	
18.8076 0.999385	0.999486	1.00036	1.00045	0.999256	0.999351	
18.828 0.999975	1.00008	0.999847	0.999937	0.999231	0.999317	
18.8485 1.00021	1.00032	0.999908	0.999998	0.999354	0.999434	
18.869 0.999981	1.00009	0.999884	0.999974	0.998739	0.998806	
18.8895 1.00034	1.00045	1.00005	1.00014	0.999545	0.999608	
18.91 0.999686	0.999795	0.999957	1.00005	1.00074	1.00081	
18.9304 0.999465	0.999569	0.999913	1	1.00006	1.00014	
18.9509 1.00018	1.00029	0.999842	0.999933	1.00023	1.00031	
18.9714 0.999774	0.99988	0.9999	0.999991	1.00014	1.00022	
18.9919 0.999622	0.999724	0.99962	0.999708	1.00022	1.00031	
19.0123 0.999793	0.999895	1.00048	1.00057	0.999403	0.99948	
19.0328 0.999826	0.999927	0.999811	0.999904	1.00005	1.00013	
19.0533 0.999551	0.999647	1.0002	1.0003	1.00068	1.00077	
19.0738 0.999974	1.00007	1.00009	1.00019	1.00028	1.00037	
19.0942 0.999569	0.999662	0.999836	0.999934	1.00068	1.00078	
19.1147 1.00007	1.00017	0.999779	0.999876	0.999068	0.999159	
19.1352 0.999557	0.999648	0.999961	1.00006	1.00023	1.00033	
19.1557 0.999786	0.999875	0.999611	0.999705	0.999561	0.999652	
19.1761 0.999728	0.999815	0.999685	0.999776	0.999806	0.999895	
19.1966 0.999614	0.999698	1.00007	1.00016	0.99961	0.999696	
19.2171 1.00013	1.00022	0.999814	0.999906	1.00016	1.00025	
19.2376 1.00014	1.00023	1.0001	1.00019	0.999153	0.999232	
19.258 0.999944	1.00003	0.99934	0.999427	0.999774	0.999851	
19.2785 1.00001	1.0001	1.00012	1.00021	1.00072	1.00081	
19.299 1.00014	1.00024	0.999953	1.00004	0.999517	0.9996	
19.3195 1.00055	1.00065	0.999544	0.99963	0.999672	0.999752	
19.34 0.999816	0.999918	0.999667	0.99975	1.00023	1.00032	
19.3604 0.999762	0.999862	0.999818	0.9999	0.999953	1.00004	
19.3809 0.999825	0.999924	0.999701	0.99978	0.999914	0.999998	
19.4014 1.00011	1.00021	0.999921	1	1.00017	1.00026	
19.4219 1.0002	1.0003	1.00002	1.0001	0.998822	0.998895	
19.4423 0.999032	0.999125	1.00013	1.00021	0.999815	0.999887	
19.4628 0.999315	0.999401	0.999605	0.999684	1.0001	1.00017	
19.4833 0.999393	0.999472	1.0002	1.00028	1.00059	1.00068	
19.5038 0.999514	0.999587	0.999855	0.999936	0.999431	0.999507	
19.5242 1.00018	1.00026	0.999963	1.00005	1.0005	1.00058	
19.5447 0.999772	0.999847	0.999771	0.999852	0.999506	0.999584	
19.5652 0.999838	0.999912	0.999915	0.999995	1.00036	1.00045	
19.5857 1.00005	1.00012	0.999603	0.999679	1.00065	1.00074	
19.6061 0.999987	1.00006	0.999902	0.999978	1.00025	1.00034	
19.6266 0.999893	0.99997	1.00019	1.00027	1.00036	1.00046	
19.6471 0.999262	0.999329	0.999572	0.999646	0.999215	0.99931	
19.6676 0.999699	0.999763	0.99968	0.999751	0.999877	0.999972	
19.6881 1.00016	1.00023	0.999888	0.999959	0.999872	0.999967	
19.7085 1.00036	1.00043	0.99976	0.999828	1.00014	1.00024	
19.729 1.00006	1.00013	0.999877	0.999944	1.0003	1.00041	
19.7495 0.999789	0.999862	0.999986	1.00005	0.999297	0.999392	
19.77 0.999777	0.999848	1.00026	1.00033	0.999506	0.999596	
19.7904 0.999851	0.99992	0.999882	0.999954	1.00077	1.00088	
19.8109 1.00029	1.00037	1.00012	1.0002	1.00081	1.00093	
19.8314 1.00011	1.00018	1.00046	1.00054	1.00052	1.00064	
19.8519 0.999859	0.999936	0.999782	0.999863	0.999433	0.99955	
19.8723 1.0003	1.00038	0.99975	0.999829	0.999082	0.999188	
19.8928 0.999956	1.00004	1.00043	1.00052	0.999349	0.999447	
19.9133 0.999431	0.999507	0.999867	0.999952	0.999518	0.999611	
19.9338 0.999756	0.999828	1.00005	1.00014	1.00031	1.00041	
19.9542 1.00021	1.00029	1.00016	1.00025	0.999664	0.999759	
19.9747 0.999765	0.99984	1.00025	1.00034	0.999897	0.999992	
19.9952 0.999569	0.999639	0.999835	0.999929	1.00112	1.00123	
20.0157 0.999802	0.99987	0.999876	0.99997	0.999134	0.999235	
20.0362 1.00035	1.00042	1.00016	1.00025	1.00008	1.00019	
20.0566 0.999784	0.999856	1.00018	1.00028	0.999871	0.999975	
20.0771 1.00056	1.00064	1.00051	1.00063	0.998118	0.998195	
20.0976 0.999717	0.999795	0.999448	0.999552	1.00016	1.00024	
20.1181 0.999929	1.00001	1.00003	1.00014	1.00112	1.00122	
20.1385 1.00016	1.00024	1.00012	1.00023	1.00002	1.00012	
20.159 1.00046	1.00055	0.999557	0.999661	0.998382	0.99846	
20.1795 0.999706	0.999792	0.999307	0.999403	0.998783	0.998843	
20.2 0.999533	0.999614	1.00001	1.00011	1.00095	1.00102	
20.2204 0.999733	0.999811	0.999587	0.99968	1.00067	1.00076	
20.2409 0.999571	0.999644	0.999929	1.00002	1.00046	1.00055	
20.2614 1.00039	1.00047	0.999879	0.999972	1.00022	1.00032	
20.2819 1.00012	1.00021	0.999818	0.999909	0.998592	0.998672	
20.3023 0.999845	0.999926	0.999594	0.99968	1.00043	1.00052	
20.3228 0.999645	0.999722	0.999598	0.999679	1.00012	1.00021	
20.3433 0.999961	1.00004	0.999799	0.999878	1.0007	1.0008	
20.3638 0.999665	0.999739	0.999661	0.999736	0.999623	0.999722	
20.3843 0.999807	0.999879	1.00024	1.00032	0.99879	0.998872	
20.4047 0.999925	0.999998	0.999376	0.999448	0.999624	0.999701	
20.4252 0.999572	0.999639	1.00046	1.00054	0.99784	0.997885	
20.4457 0.999792	0.999857	1.00037	1.00046	0.99878	0.998807	
20.4662 1.00051	1.00058	0.999334	0.999412	0.999474	0.999493	
