#NOTE: MSDs should be divided by the temperature.
#NOTE: MSDs have been divided by 2 or 10 (i.e., the viscosity computed from all components).
#Time	MSD_xx	MSD_yy	MSD_zz	MSD_xy	MSD_xz	MSD_yz	MSD_off	MSD_all	MSD_bulkvisc
 20 5.7967e+09 5.79683e+09 5.79681e+09 5.79245e+09 5.78543e+09 5.78664e+09 5.78817e+09 5.79161e+09 1.017e+10
 40 1.79509e+10 1.79519e+10 1.79515e+10 1.79358e+10 1.79197e+10 1.7919e+10 1.79248e+10 1.79355e+10 3.71817e+10
 60 3.14628e+10 3.14705e+10 3.14716e+10 3.14314e+10 3.14164e+10 3.14148e+10 3.14209e+10 3.14399e+10 7.66005e+10
 80 4.4751e+10 4.47715e+10 4.47803e+10 4.46962e+10 4.46938e+10 4.46912e+10 4.46937e+10 4.47233e+10 1.25368e+11
 100 5.78071e+10 5.78384e+10 5.78682e+10 5.77138e+10 5.77328e+10 5.7728e+10 5.77248e+10 5.777e+10 1.80939e+11
 120 7.10987e+10 7.11464e+10 7.11967e+10 7.09463e+10 7.09984e+10 7.09898e+10 7.09781e+10 7.10458e+10 2.41104e+11
 140 8.5129e+10 8.52203e+10 8.52711e+10 8.49153e+10 8.50107e+10 8.49902e+10 8.49721e+10 8.5066e+10 3.04416e+11
 160 1.00118e+11 1.00291e+11 1.00315e+11 9.98686e+10 1.00007e+11 9.99712e+10 9.9949e+10 1.00066e+11 3.70023e+11
 180 1.15879e+11 1.16158e+11 1.16134e+11 1.1562e+11 1.15795e+11 1.15741e+11 1.15719e+11 1.15854e+11 4.37015e+11
 200 1.32095e+11 1.32482e+11 1.32395e+11 1.31837e+11 1.32043e+11 1.31957e+11 1.31945e+11 1.32097e+11 5.04424e+11
 200 1.32005e+11 1.3224e+11 1.32319e+11 1.31837e+11 1.32063e+11 1.32025e+11 1.31975e+11 1.3206e+11 5.04141e+11
 400 3.09407e+11 3.11008e+11 3.10823e+11 3.09344e+11 3.09886e+11 3.09461e+11 3.09563e+11 3.09903e+11 1.13735e+12
 600 5.01216e+11 5.03664e+11 5.03626e+11 5.00044e+11 5.01074e+11 4.99529e+11 5.00215e+11 5.01263e+11 1.57891e+12
 800 6.99386e+11 7.01903e+11 7.02668e+11 6.9487e+11 6.97251e+11 6.95773e+11 6.95965e+11 6.98106e+11 1.71623e+12
 1000 9.00912e+11 9.03154e+11 9.04634e+11 8.9108e+11 8.95758e+11 8.95589e+11 8.94143e+11 8.97646e+11 1.58609e+12
 1200 1.10403e+12 1.10597e+12 1.10781e+12 1.08854e+12 1.09475e+12 1.09744e+12 1.09358e+12 1.09852e+12 1.34765e+12
 1400 1.30719e+12 1.30949e+12 1.31144e+12 1.28699e+12 1.29439e+12 1.29994e+12 1.29377e+12 1.30001e+12 1.14523e+12
 1600 1.51022e+12 1.5135e+12 1.51539e+12 1.48567e+12 1.49481e+12 1.50319e+12 1.49456e+12 1.50195e+12 1.04917e+12
 1800 1.71378e+12 1.71797e+12 1.72001e+12 1.6841e+12 1.69547e+12 1.70676e+12 1.69544e+12 1.70417e+12 1.06528e+12
 2000 1.91715e+12 1.92305e+12 1.92473e+12 1.88327e+12 1.89673e+12 1.91131e+12 1.8971e+12 1.90692e+12 1.14956e+12
 2000 1.92018e+12 1.9187e+12 1.92748e+12 1.88108e+12 1.88856e+12 1.91998e+12 1.89654e+12 1.90677e+12 1.17245e+12
 4000 3.95275e+12 3.98262e+12 3.99027e+12 3.87304e+12 3.90972e+12 3.99191e+12 3.92489e+12 3.94502e+12 1.316e+12
 6000 5.99525e+12 6.03445e+12 6.04824e+12 5.89817e+12 5.93906e+12 6.04589e+12 5.96104e+12 5.98702e+12 1.39957e+12
 8000 8.05452e+12 8.06445e+12 8.13666e+12 7.92399e+12 7.93644e+12 8.1452e+12 8.00188e+12 8.03521e+12 1.5144e+12
 10000 1.01394e+13 1.0102e+13 1.02625e+13 9.96805e+12 9.96021e+12 1.02339e+13 1.00541e+13 1.00996e+13 1.59016e+12
 12000 1.22098e+13 1.20746e+13 1.23593e+13 1.20517e+13 1.20306e+13 1.23088e+13 1.21303e+13 1.2164e+13 1.66582e+12
 14000 1.42981e+13 1.40342e+13 1.44656e+13 1.41474e+13 1.41167e+13 1.43753e+13 1.42131e+13 1.42342e+13 1.75854e+12
 16000 1.63498e+13 1.59877e+13 1.65662e+13 1.61994e+13 1.62298e+13 1.64544e+13 1.62945e+13 1.62972e+13 1.85655e+12
 18000 1.84068e+13 1.79789e+13 1.86691e+13 1.82115e+13 1.83814e+13 1.84997e+13 1.83642e+13 1.83592e+13 1.93089e+12
 20000 2.04522e+13 1.99777e+13 2.0768e+13 2.02022e+13 2.0561e+13 2.0533e+13 2.04321e+13 2.0419e+13 2.01872e+12
 20000 2.08563e+13 1.95698e+13 2.06534e+13 1.97284e+13 2.00913e+13 2.10847e+13 2.03015e+13 2.03248e+13 1.97023e+12
 40000 4.19728e+13 3.92003e+13 4.0879e+13 3.90124e+13 4.15839e+13 4.07072e+13 4.04345e+13 4.05343e+13 2.79668e+12
 60000 6.469e+13 5.7992e+13 6.19964e+13 5.89336e+13 6.31014e+13 5.99789e+13 6.06713e+13 6.10265e+13 3.62826e+12
 80000 8.76516e+13 7.68308e+13 8.19285e+13 7.89979e+13 8.44873e+13 7.84793e+13 8.06548e+13 8.12477e+13 4.51406e+12
 100000 1.10545e+14 9.62234e+13 1.01649e+14 9.94299e+13 1.0427e+14 9.62706e+13 9.99902e+13 1.01116e+14 5.42146e+12
 120000 1.34359e+14 1.15829e+14 1.21389e+14 1.19875e+14 1.2391e+14 1.14323e+14 1.1937e+14 1.21165e+14 6.29672e+12
 140000 1.58326e+14 1.34997e+14 1.41709e+14 1.39965e+14 1.43968e+14 1.31895e+14 1.38609e+14 1.4117e+14 7.08588e+12
 160000 1.8213e+14 1.53659e+14 1.6217e+14 1.60827e+14 1.6466e+14 1.49272e+14 1.58253e+14 1.61346e+14 8.01719e+12
 180000 2.0673e+14 1.73591e+14 1.83052e+14 1.79759e+14 1.85448e+14 1.67049e+14 1.77418e+14 1.81567e+14 8.97748e+12
 200000 2.33061e+14 1.9382e+14 2.04634e+14 1.97125e+14 2.04708e+14 1.85615e+14 1.95816e+14 2.01692e+14 9.85472e+12
 200000 2.32255e+14 2.01055e+14 2.13302e+14 1.98999e+14 1.84525e+14 1.8342e+14 1.88981e+14 1.99604e+14 9.92856e+12
 400000 4.72995e+14 3.88437e+14 4.12773e+14 3.96523e+14 4.00888e+14 3.65454e+14 3.87621e+14 4.02467e+14 1.87225e+13
 600000 7.11895e+14 5.56413e+14 5.79108e+14 5.76012e+14 5.96968e+14 6.09575e+14 5.94185e+14 6.02833e+14 2.80982e+13
 800000 9.55732e+14 7.36829e+14 7.71384e+14 7.59718e+14 7.5241e+14 8.67973e+14 7.93367e+14 8.04546e+14 3.74156e+13
 1e+06 1.1858e+15 8.93953e+14 9.76172e+14 9.39838e+14 9.28278e+14 1.11732e+15 9.95146e+14 1.00454e+15 4.57365e+13
 1.2e+06 1.45349e+15 1.06925e+15 1.2081e+15 1.16762e+15 1.08723e+15 1.39876e+15 1.21787e+15 1.22817e+15 5.46617e+13
 1.4e+06 1.69282e+15 1.2241e+15 1.411e+15 1.3651e+15 1.22464e+15 1.70596e+15 1.4319e+15 1.43619e+15 6.3292e+13
 1.6e+06 1.93797e+15 1.37967e+15 1.57782e+15 1.53838e+15 1.40036e+15 1.97531e+15 1.63802e+15 1.63554e+15 7.43912e+13
 1.8e+06 2.17177e+15 1.52364e+15 1.74036e+15 1.71484e+15 1.57941e+15 2.28575e+15 1.86e+15 1.84077e+15 8.37619e+13
 2e+06 2.41561e+15 1.68187e+15 1.91617e+15 1.91187e+15 1.76324e+15 2.58882e+15 2.08798e+15 2.05461e+15 9.47674e+13
 2e+06 2.38075e+15 1.52045e+15 1.80752e+15 1.9287e+15 1.33475e+15 2.05086e+15 1.77144e+15 1.82403e+15 1.12735e+14
 4e+06 4.75722e+15 3.09623e+15 3.13821e+15 3.77242e+15 2.59007e+15 5.13077e+15 3.83109e+15 3.76421e+15 2.23741e+14
 6e+06 7.50413e+15 5.11914e+15 4.93751e+15 4.77618e+15 3.68528e+15 7.01725e+15 5.15957e+15 5.43718e+15 3.25444e+14
 8e+06 1.01421e+16 6.62657e+15 6.65116e+15 6.61913e+15 4.72666e+15 8.82013e+15 6.72197e+15 7.15582e+15 3.49487e+14
 1e+07 1.22759e+16 6.71783e+15 8.17103e+15 9.10587e+15 5.34779e+15 9.0933e+15 7.84899e+15 8.33136e+15 3.30886e+14
 1.2e+07 1.56379e+16 7.45026e+15 1.00795e+16 1.10471e+16 6.35933e+15 8.03018e+15 8.47885e+15 9.50966e+15 3.72076e+14
 1.4e+07 1.88325e+16 8.89043e+15 1.08484e+16 1.29771e+16 7.02419e+15 8.45539e+15 9.48555e+15 1.08342e+16 4.46707e+14
 1.6e+07 2.15443e+16 1.08034e+16 9.56595e+15 1.54553e+16 7.31705e+15 1.03206e+16 1.1031e+16 1.22071e+16 5.66097e+14
 1.8e+07 2.35874e+16 1.31317e+16 8.1635e+15 1.95371e+16 6.9806e+15 1.38772e+16 1.3465e+16 1.40633e+16 6.0879e+14
 2e+07 2.63957e+16 1.47881e+16 8.24047e+15 2.51758e+16 6.65271e+15 1.57723e+16 1.58669e+16 1.61101e+16 5.52769e+14
 2e+07 1.72231e+16 4.72748e+15 1.5085e+16 3.09839e+16 1.73039e+15 4.53563e+16 2.60235e+16 2.05522e+16 3.27632e+14
 4e+07 1.97337e+16 1.834e+16 2.55143e+13 1.15732e+17 9.13656e+14 1.26861e+16 4.31106e+16 3.09463e+16 8.21619e+14
