#NOTE: MSDs should be divided by the temperature.
#NOTE: MSDs have been divided by 2 or 10 (i.e., the viscosity computed from all components).
#Time	MSD_xx	MSD_yy	MSD_zz	MSD_xy	MSD_xz	MSD_yz	MSD_off	MSD_all	MSD_bulkvisc
 20 5.96473e+09 5.99608e+09 5.99586e+09 5.9775e+09 5.99724e+09 5.97204e+09 5.98226e+09 5.98358e+09 8.84417e+09
 40 1.84719e+10 1.85691e+10 1.85769e+10 1.85259e+10 1.85796e+10 1.84975e+10 1.85344e+10 1.85363e+10 3.17877e+10
 60 3.23828e+10 3.25336e+10 3.25748e+10 3.24996e+10 3.25792e+10 3.24365e+10 3.25051e+10 3.25019e+10 6.43201e+10
 80 4.60712e+10 4.62434e+10 4.63478e+10 4.62525e+10 4.63651e+10 4.6161e+10 4.62596e+10 4.6244e+10 1.03387e+11
 100 5.9537e+10 5.97046e+10 5.98768e+10 5.97469e+10 5.99276e+10 5.9672e+10 5.97822e+10 5.97518e+10 1.46503e+11
 120 7.32635e+10 7.34173e+10 7.36214e+10 7.34676e+10 7.37585e+10 7.34791e+10 7.35684e+10 7.35146e+10 1.91547e+11
 140 8.77788e+10 8.79282e+10 8.81106e+10 8.7957e+10 8.84001e+10 8.81184e+10 8.81585e+10 8.80708e+10 2.37217e+11
 160 1.03337e+11 1.03474e+11 1.03609e+11 1.03448e+11 1.04093e+11 1.03811e+11 1.03784e+11 1.0366e+11 2.82861e+11
 180 1.19764e+11 1.19846e+11 1.19952e+11 1.19734e+11 1.20623e+11 1.20338e+11 1.20232e+11 1.20081e+11 3.27768e+11
 200 1.36716e+11 1.36702e+11 1.36809e+11 1.3647e+11 1.37629e+11 1.37351e+11 1.3715e+11 1.36987e+11 3.71173e+11
 200 1.3643e+11 1.36114e+11 1.37081e+11 1.36142e+11 1.37296e+11 1.37138e+11 1.36859e+11 1.36732e+11 3.7269e+11
 400 3.22635e+11 3.20773e+11 3.22566e+11 3.18866e+11 3.23547e+11 3.23348e+11 3.2192e+11 3.21949e+11 7.08598e+11
 600 5.2142e+11 5.17966e+11 5.20671e+11 5.14536e+11 5.24207e+11 5.25571e+11 5.21438e+11 5.2087e+11 8.93289e+11
 800 7.23853e+11 7.21201e+11 7.22465e+11 7.1524e+11 7.32777e+11 7.34909e+11 7.27642e+11 7.25588e+11 9.37045e+11
 1000 9.27587e+11 9.25662e+11 9.30063e+11 9.19266e+11 9.45573e+11 9.48219e+11 9.37686e+11 9.3372e+11 8.82071e+11
 1200 1.13136e+12 1.12992e+12 1.14305e+12 1.1273e+12 1.1604e+12 1.16359e+12 1.15043e+12 1.14417e+12 8.11051e+11
 1400 1.33527e+12 1.33462e+12 1.35842e+12 1.33798e+12 1.37709e+12 1.37902e+12 1.3647e+12 1.35593e+12 7.61911e+11
 1600 1.53944e+12 1.5367e+12 1.57375e+12 1.55052e+12 1.59404e+12 1.59616e+12 1.58024e+12 1.56813e+12 7.42637e+11
 1800 1.74317e+12 1.73818e+12 1.79009e+12 1.76451e+12 1.8111e+12 1.81618e+12 1.79727e+12 1.78122e+12 7.46784e+11
 2000 1.94793e+12 1.93996e+12 2.00584e+12 1.97915e+12 2.02917e+12 2.0364e+12 2.01491e+12 1.99478e+12 7.57506e+11
 2000 1.91414e+12 1.90636e+12 2.00683e+12 2.03206e+12 2.03037e+12 2.06015e+12 2.04086e+12 2.00149e+12 7.63183e+11
 4000 3.92541e+12 3.87581e+12 4.17219e+12 4.25416e+12 4.15122e+12 4.18837e+12 4.19792e+12 4.1152e+12 8.4655e+11
 6000 5.96011e+12 5.87658e+12 6.36066e+12 6.51102e+12 6.34824e+12 6.29142e+12 6.38356e+12 6.25645e+12 9.37837e+11
 8000 7.96367e+12 7.84456e+12 8.59904e+12 8.70542e+12 8.65676e+12 8.35275e+12 8.57164e+12 8.39729e+12 9.76299e+11
 10000 9.93791e+12 9.78977e+12 1.07641e+13 1.07952e+13 1.09891e+13 1.0363e+13 1.07158e+13 1.0495e+13 1.07732e+12
 12000 1.19647e+13 1.17535e+13 1.2854e+13 1.28122e+13 1.32662e+13 1.24063e+13 1.28282e+13 1.25732e+13 1.10885e+12
 14000 1.40321e+13 1.362e+13 1.48818e+13 1.47935e+13 1.55664e+13 1.44234e+13 1.49278e+13 1.46279e+13 1.21291e+12
 16000 1.60277e+13 1.54977e+13 1.68502e+13 1.66853e+13 1.77642e+13 1.63799e+13 1.69431e+13 1.66159e+13 1.291e+12
 18000 1.80392e+13 1.74022e+13 1.87263e+13 1.85431e+13 1.9956e+13 1.83428e+13 1.89473e+13 1.85907e+13 1.35722e+12
 20000 2.0038e+13 1.93337e+13 2.05211e+13 2.03869e+13 2.21257e+13 2.03206e+13 2.09444e+13 2.05524e+13 1.43193e+12
 20000 1.96465e+13 1.92691e+13 2.12112e+13 2.00223e+13 2.10638e+13 2.17081e+13 2.09314e+13 2.05758e+13 1.39026e+12
 40000 3.9695e+13 3.88388e+13 4.00234e+13 3.82428e+13 4.36639e+13 4.14642e+13 4.11236e+13 4.04818e+13 2.0715e+12
 60000 6.27202e+13 5.93521e+13 6.08619e+13 5.61217e+13 6.69397e+13 6.38772e+13 6.23129e+13 6.1779e+13 2.73179e+12
 80000 8.79384e+13 8.2025e+13 8.36347e+13 7.42464e+13 9.04338e+13 8.32578e+13 8.2646e+13 8.34007e+13 3.43838e+12
 100000 1.16417e+14 1.01784e+14 1.05743e+14 9.22376e+13 1.14825e+14 1.00176e+14 1.02413e+14 1.0464e+14 4.21905e+12
 120000 1.48423e+14 1.25701e+14 1.32166e+14 1.10108e+14 1.39685e+14 1.17143e+14 1.22312e+14 1.27559e+14 5.03483e+12
 140000 1.83166e+14 1.49369e+14 1.59969e+14 1.29181e+14 1.65806e+14 1.34309e+14 1.43099e+14 1.51526e+14 5.65958e+12
 160000 2.18534e+14 1.73064e+14 1.87002e+14 1.45168e+14 1.89978e+14 1.49588e+14 1.61578e+14 1.74093e+14 6.28302e+12
 180000 2.55749e+14 1.96552e+14 2.12163e+14 1.59403e+14 2.09949e+14 1.65865e+14 1.78406e+14 1.95639e+14 6.75104e+12
 200000 2.90714e+14 2.20044e+14 2.35413e+14 1.72507e+14 2.30479e+14 1.81269e+14 1.94752e+14 2.1634e+14 7.24352e+12
 200000 2.80962e+14 2.39716e+14 2.09684e+14 1.32125e+14 1.95285e+14 1.59689e+14 1.62366e+14 1.94801e+14 8.18361e+12
 400000 5.5942e+14 4.64985e+14 4.25208e+14 2.9509e+14 3.64723e+14 3.69213e+14 3.43009e+14 3.99087e+14 8.66252e+12
 600000 8.49031e+14 6.22148e+14 5.77547e+14 4.65039e+14 4.09909e+14 6.21798e+14 4.98915e+14 5.72513e+14 1.27899e+13
 800000 1.03409e+15 8.21011e+14 7.00277e+14 6.85629e+14 4.85894e+14 8.46093e+14 6.72539e+14 7.44241e+14 1.61304e+13
 1e+06 1.17409e+15 1.01683e+15 9.0847e+14 9.04766e+14 6.08552e+14 1.11567e+15 8.76331e+14 9.39051e+14 2.21624e+13
 1.2e+06 1.34485e+15 1.31901e+15 1.14913e+15 1.16081e+15 8.01446e+14 1.35944e+15 1.10723e+15 1.17274e+15 3.00329e+13
 1.4e+06 1.43729e+15 1.64543e+15 1.41708e+15 1.42144e+15 9.48722e+14 1.63601e+15 1.33539e+15 1.40121e+15 3.4847e+13
 1.6e+06 1.67605e+15 1.94895e+15 1.76597e+15 1.65046e+15 1.07805e+15 1.90455e+15 1.54435e+15 1.64541e+15 4.44174e+13
 1.8e+06 1.91709e+15 2.22881e+15 2.17276e+15 1.83882e+15 1.17625e+15 2.05823e+15 1.6911e+15 1.85715e+15 4.88074e+13
 2e+06 2.17749e+15 2.49908e+15 2.63012e+15 2.0379e+15 1.29507e+15 2.1942e+15 1.84239e+15 2.07966e+15 5.84729e+13
 2e+06 3.09285e+15 3.19715e+15 2.67481e+15 5.44576e+14 4.6646e+14 3.26544e+15 1.42549e+15 2.0506e+15 2.24991e+13
 4e+06 3.30885e+15 4.82575e+15 6.32952e+15 7.99139e+14 1.06631e+15 4.18805e+15 2.01783e+15 3.13925e+15 3.35896e+13
 6e+06 5.4883e+15 2.53617e+15 7.75621e+15 1.54565e+13 1.25747e+15 6.43427e+15 2.56906e+15 3.64553e+15 2.08749e+13
 8e+06 1.28022e+16 2.58011e+15 3.90791e+15 4.2991e+14 4.46968e+14 4.65046e+15 1.84245e+15 3.6775e+15 2.00345e+13
 1e+07 6.93206e+15 5.09788e+15 1.40649e+14 1.30283e+15 5.44755e+13 5.47364e+14 6.34891e+14 2.00368e+15 5.01043e+12
