#NOTE: MSDs should be divided by the temperature.
#NOTE: MSDs have been divided by 2 or 10 (i.e., the viscosity computed from all components).
#Time	MSD_xx	MSD_yy	MSD_zz	MSD_xy	MSD_xz	MSD_yz	MSD_off	MSD_all	MSD_bulkvisc
 20 6.26411e+09 6.2721e+09 6.26656e+09 6.25375e+09 6.26997e+09 6.27443e+09 6.26605e+09 6.26667e+09 1.12589e+10
 40 1.9562e+10 1.95887e+10 1.95623e+10 1.95187e+10 1.95882e+10 1.95973e+10 1.95681e+10 1.95692e+10 4.12658e+10
 60 3.45994e+10 3.46458e+10 3.4586e+10 3.45076e+10 3.46662e+10 3.46696e+10 3.46145e+10 3.46128e+10 8.51129e+10
 80 4.96421e+10 4.97153e+10 4.9611e+10 4.94908e+10 4.97676e+10 4.97555e+10 4.96713e+10 4.96653e+10 1.39252e+11
 100 6.46002e+10 6.47198e+10 6.45592e+10 6.44007e+10 6.48089e+10 6.47762e+10 6.46619e+10 6.46477e+10 2.00795e+11
 120 7.99378e+10 8.01246e+10 7.98922e+10 7.97248e+10 8.02594e+10 8.02044e+10 8.00629e+10 8.00317e+10 2.67378e+11
 140 9.61435e+10 9.64091e+10 9.60922e+10 9.5946e+10 9.66083e+10 9.6536e+10 9.63634e+10 9.6304e+10 3.37414e+11
 160 1.134e+11 1.13749e+11 1.13338e+11 1.13224e+11 1.14036e+11 1.1395e+11 1.13737e+11 1.1364e+11 4.09844e+11
 180 1.31507e+11 1.31951e+11 1.31435e+11 1.31349e+11 1.32334e+11 1.32222e+11 1.31968e+11 1.31833e+11 4.83563e+11
 200 1.50164e+11 1.50713e+11 1.50085e+11 1.50015e+11 1.51194e+11 1.51024e+11 1.50744e+11 1.50575e+11 5.57449e+11
 200 1.50149e+11 1.50684e+11 1.49969e+11 1.50171e+11 1.51455e+11 1.5101e+11 1.50879e+11 1.50634e+11 5.56867e+11
 400 3.55477e+11 3.57556e+11 3.55915e+11 3.55678e+11 3.59875e+11 3.58209e+11 3.57921e+11 3.57279e+11 1.21533e+12
 600 5.78878e+11 5.83156e+11 5.80544e+11 5.80316e+11 5.86955e+11 5.84228e+11 5.83833e+11 5.82644e+11 1.60238e+12
 800 8.09853e+11 8.16878e+11 8.13931e+11 8.1436e+11 8.22197e+11 8.19882e+11 8.18813e+11 8.1671e+11 1.64025e+12
 1000 1.04395e+12 1.05478e+12 1.05185e+12 1.05298e+12 1.06096e+12 1.06025e+12 1.05807e+12 1.05492e+12 1.42826e+12
 1200 1.28075e+12 1.29447e+12 1.29272e+12 1.29438e+12 1.30154e+12 1.30278e+12 1.29957e+12 1.29547e+12 1.18367e+12
 1400 1.51858e+12 1.5349e+12 1.53526e+12 1.53741e+12 1.54284e+12 1.54664e+12 1.54229e+12 1.53721e+12 1.04181e+12
 1600 1.75708e+12 1.77532e+12 1.77784e+12 1.78152e+12 1.78483e+12 1.79208e+12 1.78614e+12 1.77972e+12 1.02964e+12
 1800 1.996e+12 2.01598e+12 2.02024e+12 2.02572e+12 2.02708e+12 2.03855e+12 2.03045e+12 2.02257e+12 1.1037e+12
 2000 2.23595e+12 2.25754e+12 2.26399e+12 2.26949e+12 2.26946e+12 2.28491e+12 2.27462e+12 2.26577e+12 1.19764e+12
 2000 2.21183e+12 2.24219e+12 2.26197e+12 2.28508e+12 2.25366e+12 2.28129e+12 2.27334e+12 2.25947e+12 1.19542e+12
 4000 4.61961e+12 4.67233e+12 4.71334e+12 4.76405e+12 4.66611e+12 4.76972e+12 4.73329e+12 4.70735e+12 1.26519e+12
 6000 7.00551e+12 7.10257e+12 7.16648e+12 7.26924e+12 7.10733e+12 7.2541e+12 7.21023e+12 7.16274e+12 1.32339e+12
 8000 9.44058e+12 9.53427e+12 9.64953e+12 9.75817e+12 9.52708e+12 9.7215e+12 9.66892e+12 9.61794e+12 1.37829e+12
 10000 1.18944e+13 1.19778e+13 1.21138e+13 1.2178e+13 1.19383e+13 1.21629e+13 1.2093e+13 1.20539e+13 1.43674e+12
 12000 1.43675e+13 1.44046e+13 1.45888e+13 1.45313e+13 1.43167e+13 1.45708e+13 1.44729e+13 1.44652e+13 1.50409e+12
 14000 1.68095e+13 1.68227e+13 1.70156e+13 1.68567e+13 1.66729e+13 1.6984e+13 1.68379e+13 1.68558e+13 1.55291e+12
 16000 1.92472e+13 1.92671e+13 1.94523e+13 1.92115e+13 1.89922e+13 1.93812e+13 1.9195e+13 1.92459e+13 1.61987e+12
 18000 2.17191e+13 2.17124e+13 2.18664e+13 2.15739e+13 2.1276e+13 2.17829e+13 2.15443e+13 2.1633e+13 1.66761e+12
 20000 2.41778e+13 2.41266e+13 2.42402e+13 2.39226e+13 2.35145e+13 2.42205e+13 2.38859e+13 2.40042e+13 1.72549e+12
 20000 2.43079e+13 2.38796e+13 2.3663e+13 2.3954e+13 2.34609e+13 2.44726e+13 2.39625e+13 2.39576e+13 1.67498e+12
 40000 4.98555e+13 4.81743e+13 4.67482e+13 4.68129e+13 4.52821e+13 4.91317e+13 4.70756e+13 4.75491e+13 2.37445e+12
 60000 7.69339e+13 7.2642e+13 7.05222e+13 6.95313e+13 6.75779e+13 7.50085e+13 7.07059e+13 7.177e+13 2.93555e+12
 80000 1.02418e+14 9.66618e+13 9.38637e+13 9.34705e+13 9.02205e+13 1.00414e+14 9.47018e+13 9.58802e+13 3.45148e+12
 100000 1.27997e+14 1.19989e+14 1.17329e+14 1.1874e+14 1.12094e+14 1.24547e+14 1.1846e+14 1.19785e+14 4.05879e+12
 120000 1.53983e+14 1.43569e+14 1.40224e+14 1.45245e+14 1.33953e+14 1.49571e+14 1.42923e+14 1.44124e+14 4.64121e+12
 140000 1.81319e+14 1.67208e+14 1.63047e+14 1.72316e+14 1.56424e+14 1.74512e+14 1.67751e+14 1.6886e+14 5.14791e+12
 160000 2.0791e+14 1.90227e+14 1.8532e+14 2.00591e+14 1.76847e+14 1.9889e+14 1.92109e+14 1.9306e+14 5.74769e+12
 180000 2.35115e+14 2.13677e+14 2.07936e+14 2.28612e+14 1.96505e+14 2.23941e+14 2.16353e+14 2.17375e+14 6.40367e+12
 200000 2.6317e+14 2.36746e+14 2.31682e+14 2.56983e+14 2.15093e+14 2.47783e+14 2.39953e+14 2.41518e+14 6.96505e+12
 200000 2.501e+14 2.33206e+14 2.30207e+14 2.63063e+14 2.20255e+14 2.3825e+14 2.40522e+14 2.39449e+14 6.65631e+12
 400000 5.29288e+14 4.80858e+14 4.96733e+14 5.87001e+14 4.12696e+14 4.69781e+14 4.89826e+14 4.94813e+14 1.15382e+13
 600000 7.89929e+14 7.90239e+14 7.85861e+14 9.05695e+14 6.22498e+14 6.87449e+14 7.38547e+14 7.58599e+14 1.6604e+13
 800000 1.07947e+15 1.09641e+15 1.05917e+15 1.21323e+15 8.41473e+14 9.01514e+14 9.85406e+14 1.02258e+15 2.10574e+13
 1e+06 1.39429e+15 1.41914e+15 1.34192e+15 1.46806e+15 1.04748e+15 1.05902e+15 1.19152e+15 1.26896e+15 2.56609e+13
 1.2e+06 1.70434e+15 1.74025e+15 1.64834e+15 1.64956e+15 1.24909e+15 1.20213e+15 1.36693e+15 1.49921e+15 3.00215e+13
 1.4e+06 1.97731e+15 2.09128e+15 2.0061e+15 1.75692e+15 1.45453e+15 1.3605e+15 1.52398e+15 1.72435e+15 3.42328e+13
 1.6e+06 2.28114e+15 2.49139e+15 2.38212e+15 1.87004e+15 1.61728e+15 1.51073e+15 1.66601e+15 1.95356e+15 3.84638e+13
 1.8e+06 2.61026e+15 2.87494e+15 2.76627e+15 1.93896e+15 1.74291e+15 1.68544e+15 1.7891e+15 2.17366e+15 4.27528e+13
 2e+06 2.92273e+15 3.26551e+15 3.18604e+15 2.03017e+15 1.9075e+15 1.88931e+15 1.94233e+15 2.4153e+15 4.64955e+13
 2e+06 2.47616e+15 4.14058e+15 3.4035e+15 1.70249e+15 1.98763e+15 2.4511e+15 2.04707e+15 2.56428e+15 3.9691e+13
 4e+06 5.82996e+15 8.50805e+15 7.61577e+15 3.30331e+15 4.48941e+15 5.11608e+15 4.30293e+15 5.50893e+15 7.82322e+13
 6e+06 8.42123e+15 1.16982e+16 1.29045e+16 5.12682e+15 8.64287e+15 7.74901e+15 7.1729e+15 8.70693e+15 1.19665e+14
 8e+06 9.76632e+15 1.43208e+16 1.83943e+16 7.5637e+15 1.4014e+16 9.73655e+15 1.04381e+16 1.1927e+16 1.344e+14
 1e+07 1.24481e+16 2.03962e+16 2.55254e+16 9.61449e+15 2.06648e+16 1.11323e+16 1.38039e+16 1.60649e+16 1.27794e+14
 1.2e+07 1.70604e+16 2.62801e+16 3.56616e+16 1.1843e+16 2.83024e+16 1.13767e+16 1.7174e+16 2.0838e+16 1.12544e+14
 1.4e+07 2.17862e+16 2.622e+16 4.76254e+16 1.37741e+16 3.68995e+16 1.21698e+16 2.09478e+16 2.53195e+16 8.47445e+13
 1.6e+07 2.65768e+16 2.68008e+16 6.25757e+16 1.58363e+16 4.58731e+16 1.28569e+16 2.48554e+16 3.03737e+16 6.01816e+13
 1.8e+07 3.00716e+16 2.78825e+16 7.97997e+16 1.87969e+16 5.29881e+16 1.45697e+16 2.87849e+16 3.56381e+16 6.83647e+13
 2e+07 3.38997e+16 3.147e+16 9.89236e+16 2.20716e+16 5.7093e+16 1.86785e+16 3.26144e+16 4.14744e+16 8.37301e+13
 2e+07 3.28935e+16 4.72705e+16 6.93624e+16 1.07737e+16 5.58901e+16 2.54044e+16 3.06894e+16 3.83505e+16 4.5909e+13
 4e+07 6.55575e+16 1.53758e+17 3.10113e+17 4.63376e+16 9.28105e+16 4.47975e+16 6.13152e+16 1.0738e+17 5.35141e+13
 6e+07 3.2797e+16 3.0437e+17 5.36991e+17 7.61866e+16 1.90351e+17 8.27449e+16 1.16427e+17 1.86411e+17 2.61258e+11
