#NOTE: MSDs should be divided by the temperature.
#NOTE: MSDs have been divided by 2 or 10 (i.e., the viscosity computed from all components).
#Time	MSD_xx	MSD_yy	MSD_zz	MSD_xy	MSD_xz	MSD_yz	MSD_off	MSD_all	MSD_bulkvisc
 20 5.7446e+09 5.7515e+09 5.75762e+09 5.74511e+09 5.76224e+09 5.7628e+09 5.75671e+09 5.75452e+09 8.9067e+09
 40 1.95213e+10 1.9542e+10 1.95685e+10 1.95265e+10 1.959e+10 1.95913e+10 1.95693e+10 1.95591e+10 3.34076e+10
 60 3.72362e+10 3.72636e+10 3.73258e+10 3.7252e+10 3.73822e+10 3.73777e+10 3.73373e+10 3.73125e+10 7.02228e+10
 80 5.68807e+10 5.69042e+10 5.70099e+10 5.69118e+10 5.712e+10 5.7099e+10 5.70436e+10 5.69988e+10 1.16579e+11
 100 7.76734e+10 7.76853e+10 7.78393e+10 7.77263e+10 7.80147e+10 7.79669e+10 7.79026e+10 7.78346e+10 1.69725e+11
 120 9.94393e+10 9.94306e+10 9.96444e+10 9.95239e+10 9.98879e+10 9.9802e+10 9.9738e+10 9.96447e+10 2.26991e+11
 140 1.22193e+11 1.2215e+11 1.22437e+11 1.22315e+11 1.22747e+11 1.22617e+11 1.2256e+11 1.2244e+11 2.85842e+11
 160 1.45956e+11 1.45866e+11 1.46232e+11 1.46118e+11 1.46605e+11 1.46441e+11 1.46388e+11 1.4624e+11 3.43896e+11
 180 1.70662e+11 1.70526e+11 1.70964e+11 1.70868e+11 1.71393e+11 1.71222e+11 1.71161e+11 1.70984e+11 3.98947e+11
 200 1.96176e+11 1.96017e+11 1.96517e+11 1.96451e+11 1.96997e+11 1.96844e+11 1.96764e+11 1.96553e+11 4.49078e+11
 200 1.96216e+11 1.96058e+11 1.96515e+11 1.96079e+11 1.97072e+11 1.97124e+11 1.96758e+11 1.9656e+11 4.48245e+11
 400 4.81662e+11 4.82236e+11 4.83177e+11 4.83018e+11 4.84393e+11 4.85054e+11 4.84155e+11 4.83436e+11 5.38371e+11
 600 8.0445e+11 8.06167e+11 8.06563e+11 8.06977e+11 8.10379e+11 8.09835e+11 8.09064e+11 8.07729e+11 3.59843e+11
 800 1.14795e+12 1.15207e+12 1.14958e+12 1.15097e+12 1.15763e+12 1.1552e+12 1.1546e+12 1.1527e+12 3.6512e+11
 1000 1.50449e+12 1.51167e+12 1.50355e+12 1.50768e+12 1.51718e+12 1.51267e+12 1.51251e+12 1.51013e+12 3.53288e+11
 1200 1.8698e+12 1.87936e+12 1.86388e+12 1.87193e+12 1.88337e+12 1.87656e+12 1.87729e+12 1.87478e+12 4.05469e+11
 1400 2.24205e+12 2.25293e+12 2.22949e+12 2.24141e+12 2.25491e+12 2.24474e+12 2.24702e+12 2.24481e+12 4.12212e+11
 1600 2.61783e+12 2.62985e+12 2.59718e+12 2.61519e+12 2.63033e+12 2.61556e+12 2.62036e+12 2.6182e+12 3.65129e+11
 1800 2.99555e+12 3.00916e+12 2.96722e+12 2.99229e+12 3.00725e+12 2.98783e+12 2.99579e+12 2.99373e+12 3.82828e+11
 2000 3.37418e+12 3.38993e+12 3.33894e+12 3.37005e+12 3.3869e+12 3.36147e+12 3.37281e+12 3.37076e+12 3.93825e+11
 2000 3.37603e+12 3.38637e+12 3.35011e+12 3.38061e+12 3.36905e+12 3.32716e+12 3.35894e+12 3.3637e+12 3.93608e+11
 4000 7.1929e+12 7.20555e+12 7.11961e+12 7.16051e+12 7.21285e+12 7.04524e+12 7.13953e+12 7.15279e+12 3.9045e+11
 6000 1.0988e+13 1.09765e+13 1.09078e+13 1.09433e+13 1.10561e+13 1.07942e+13 1.09312e+13 1.09417e+13 3.949e+11
 8000 1.47891e+13 1.48182e+13 1.47187e+13 1.47375e+13 1.49052e+13 1.45666e+13 1.47364e+13 1.4752e+13 4.04376e+11
 10000 1.86259e+13 1.85534e+13 1.84139e+13 1.85504e+13 1.87626e+13 1.84012e+13 1.85714e+13 1.85552e+13 4.0735e+11
 12000 2.25199e+13 2.23551e+13 2.21514e+13 2.23859e+13 2.25285e+13 2.22823e+13 2.23989e+13 2.23762e+13 4.1502e+11
 14000 2.64611e+13 2.61659e+13 2.59303e+13 2.62383e+13 2.62351e+13 2.6181e+13 2.62181e+13 2.62052e+13 4.17696e+11
 16000 3.03646e+13 3.00424e+13 2.97196e+13 3.01002e+13 2.99681e+13 3.00183e+13 3.00288e+13 3.00342e+13 4.28086e+11
 18000 3.4296e+13 3.39548e+13 3.35238e+13 3.40107e+13 3.37668e+13 3.38755e+13 3.38843e+13 3.39005e+13 4.30269e+11
 20000 3.82112e+13 3.78353e+13 3.73129e+13 3.78808e+13 3.75876e+13 3.77156e+13 3.7728e+13 3.77514e+13 4.38842e+11
 20000 3.7849e+13 3.69644e+13 3.7233e+13 3.76165e+13 3.81597e+13 3.68603e+13 3.75455e+13 3.74668e+13 4.60638e+11
 40000 7.76931e+13 7.64256e+13 7.46989e+13 7.64646e+13 7.7485e+13 7.62638e+13 7.67378e+13 7.65517e+13 5.13194e+11
 60000 1.16918e+14 1.15773e+14 1.12731e+14 1.18688e+14 1.17135e+14 1.14852e+14 1.16892e+14 1.16191e+14 5.70559e+11
 80000 1.53415e+14 1.53958e+14 1.49755e+14 1.60806e+14 1.54329e+14 1.54254e+14 1.56463e+14 1.54828e+14 6.19519e+11
 100000 1.89638e+14 1.91589e+14 1.86399e+14 2.00869e+14 1.88396e+14 1.94859e+14 1.94708e+14 1.92508e+14 6.61145e+11
 120000 2.22082e+14 2.27286e+14 2.22223e+14 2.41054e+14 2.22728e+14 2.36572e+14 2.33451e+14 2.29616e+14 7.14223e+11
 140000 2.5354e+14 2.61038e+14 2.57791e+14 2.82049e+14 2.55567e+14 2.77659e+14 2.71758e+14 2.66037e+14 7.55188e+11
 160000 2.84756e+14 2.96332e+14 2.91182e+14 3.22494e+14 2.9026e+14 3.18669e+14 3.10474e+14 3.02587e+14 8.08526e+11
 180000 3.15386e+14 3.30157e+14 3.24494e+14 3.62116e+14 3.23836e+14 3.60251e+14 3.48734e+14 3.38579e+14 8.59099e+11
 200000 3.45801e+14 3.62849e+14 3.57326e+14 4.00557e+14 3.58824e+14 4.00517e+14 3.86632e+14 3.7411e+14 8.95267e+11
 200000 3.79066e+14 3.76845e+14 3.33741e+14 4.08292e+14 3.89709e+14 3.73685e+14 3.90562e+14 3.79624e+14 8.89568e+11
 400000 6.67255e+14 7.371e+14 6.50039e+14 8.2625e+14 7.07641e+14 7.47269e+14 7.60387e+14 7.30151e+14 1.42266e+12
 600000 1.00525e+15 1.08143e+15 9.70565e+14 1.22063e+15 1.00701e+15 1.02303e+15 1.08356e+15 1.05777e+15 1.9389e+12
 800000 1.3109e+15 1.4923e+15 1.30057e+15 1.58657e+15 1.36537e+15 1.31611e+15 1.42268e+15 1.40078e+15 2.60932e+12
 1e+06 1.67297e+15 1.8471e+15 1.65951e+15 1.88292e+15 1.65019e+15 1.572e+15 1.7017e+15 1.71163e+15 3.27463e+12
 1.2e+06 1.98544e+15 2.1375e+15 1.97798e+15 2.22856e+15 1.95371e+15 1.75834e+15 1.98021e+15 2.00158e+15 3.80965e+12
 1.4e+06 2.2226e+15 2.34933e+15 2.29679e+15 2.62354e+15 2.27873e+15 1.92818e+15 2.27682e+15 2.28192e+15 4.47916e+12
 1.6e+06 2.4427e+15 2.57144e+15 2.58149e+15 2.9999e+15 2.55008e+15 2.04167e+15 2.53055e+15 2.53108e+15 5.13628e+12
 1.8e+06 2.65892e+15 2.764e+15 2.86634e+15 3.34598e+15 2.85364e+15 2.12773e+15 2.77578e+15 2.7707e+15 5.8754e+12
 2e+06 2.94863e+15 2.89346e+15 3.18264e+15 3.6596e+15 3.21972e+15 2.28564e+15 3.05499e+15 3.03629e+15 6.63512e+12
 2e+06 3.32796e+15 4.25406e+15 3.56963e+15 3.11247e+15 2.69359e+15 1.92727e+15 2.57778e+15 3.03355e+15 5.61885e+12
 4e+06 5.6027e+15 6.04109e+15 7.86848e+15 5.59966e+15 6.28684e+15 3.88164e+15 5.25605e+15 5.75527e+15 1.48079e+13
 6e+06 6.77544e+15 9.03806e+15 1.30207e+16 1.01966e+16 1.00103e+16 6.18072e+15 8.79586e+15 9.12207e+15 2.4528e+13
 8e+06 8.19677e+15 1.32971e+16 1.9658e+16 1.47393e+16 1.35004e+16 7.59224e+15 1.1944e+16 1.26533e+16 3.3408e+13
 1e+07 1.04155e+16 1.62454e+16 2.34442e+16 1.87712e+16 1.8116e+16 9.9041e+15 1.55971e+16 1.60389e+16 4.25402e+13
 1.2e+07 1.1013e+16 1.67708e+16 3.106e+16 2.16176e+16 2.39442e+16 1.21626e+16 1.92415e+16 1.93907e+16 4.68933e+13
 1.4e+07 1.69287e+16 1.7321e+16 3.68446e+16 2.53739e+16 2.79628e+16 1.43819e+16 2.25729e+16 2.3023e+16 4.6621e+13
 1.6e+07 1.99771e+16 1.46966e+16 4.10218e+16 2.76893e+16 3.31072e+16 1.54758e+16 2.54241e+16 2.53472e+16 4.39744e+13
 1.8e+07 2.1319e+16 1.89593e+16 4.94433e+16 3.23543e+16 3.99475e+16 1.69421e+16 2.9748e+16 2.98117e+16 3.7676e+13
 2e+07 2.20637e+16 2.09892e+16 5.53715e+16 3.79515e+16 4.44038e+16 1.8176e+16 3.35104e+16 3.32295e+16 2.99281e+13
 2e+07 3.11701e+16 3.69156e+16 5.90901e+16 2.98993e+16 3.827e+16 7.96749e+15 2.53789e+16 3.21841e+16 4.38434e+11
 4e+07 2.27033e+15 1.47662e+17 1.13313e+17 7.62802e+16 4.38183e+16 1.64976e+16 4.5532e+16 6.24185e+16 1.25198e+12
